1 "MAR.C10" 0.869697991955785 0.954827479108987 0.983908072993204 1.00887682156165
1 "MCAR10.C10" 0.873455474859196 0.952991590306988 0.976333661128623 1.00186244552419
1 "MAR.C30" 0.819385939952648 0.952423196032063 1.0555626089944 1.08838037489077
1 "MCAR10.C30" 0.796607198198971 0.959193056608722 1.20648660889733 1.24451716009453
2 "MAR.C10" 0.885856668777499 0.99040109294337 0.989606728731589 1.01753077284771
2 "MCAR10.C10" 0.91311214400937 0.988070940131783 0.986946723317121 1.01507007066395
2 "MAR.C30" 0.840661462755554 0.98325516785104 1.07117969794317 1.105576245385
2 "MCAR10.C30" 0.814993219283146 0.987184741885667 1.23865097809363 1.28261877100545
3 "MAR.C10" 0.866668154636572 0.976812882372298 0.99143583435797 1.0168853330715
3 "MCAR10.C10" 0.879046316763435 0.977415356755666 0.9905386011758 1.02050995153425
3 "MAR.C30" 0.852561311632231 0.975579967626098 1.06764245234942 1.10437986920033
3 "MCAR10.C30" 0.8416570998713 0.976653197695328 1.25830966887571 1.29617966332077
4 "MAR.C10" 0.846313153735819 0.91666611343245 0.925084655005232 0.951483867475153
4 "MCAR10.C10" 0.846128397841312 0.913270089259993 0.922084100259013 0.945027913079241
4 "MAR.C30" 0.779645168136358 0.912727875322962 1.02537658207491 1.05376180831503
4 "MCAR10.C30" 0.739132156576923 0.92011833514853 1.22777677135775 1.26611755874364
5 "MAR.C10" 0.905929111925131 0.995817772397649 0.998020257307581 1.02991919167252
5 "MCAR10.C10" 0.920678918937179 0.998128851007322 0.995970237011784 1.02798774797211
5 "MAR.C30" 0.862979721391299 1.00435019924254 1.12376916799519 1.16891827247402
5 "MCAR10.C30" 0.826154540942946 1.00044691977433 1.35780856973994 1.41023080047949
6 "MAR.C10" 0.895340939440096 0.979973892257625 1.00122213606468 1.02620441777573
6 "MCAR10.C10" 0.912591527957495 0.976383399074729 0.996573196894766 1.0245148764492
6 "MAR.C30" 0.839061796341525 0.979910513828686 1.14811126982739 1.19295975026858
6 "MCAR10.C30" 0.814539970977967 0.974953761984225 1.36539560616598 1.40891762536586
7 "MAR.C10" 0.851842007190022 0.938684943379822 0.95342179125606 0.977877093956941
7 "MCAR10.C10" 0.85637975620786 0.93946846505163 0.952469505001444 0.976279579872454
7 "MAR.C30" 0.81349389103353 0.93892306981863 1.04227677908908 1.07505737508227
7 "MCAR10.C30" 0.76438090737335 0.934584580062498 1.19318185715341 1.23455129564286
8 "MAR.C10" 0.867693638881062 0.953283687717954 0.97367002533561 0.998797142545675
8 "MCAR10.C10" 0.869781046785421 0.950733435834742 0.96695450945901 0.989099296814205
8 "MAR.C30" 0.826474172335261 0.953634345650149 1.05076496526118 1.08687388477385
8 "MCAR10.C30" 0.821975399349933 0.969053350106094 1.24810647011313 1.2964173547587
9 "MAR.C10" 0.940964807834337 1.04818970535929 1.06139168030646 1.08988356599376
9 "MCAR10.C10" 0.945666498492968 1.04669249279151 1.06087026172666 1.0923636862226
9 "MAR.C30" 0.887032725010757 1.051280820994 1.13727913249364 1.18027853911719
9 "MCAR10.C30" 0.854793611305596 1.04957086536984 1.2872881406257 1.33073714619043
10 "MAR.C10" 0.874501148832961 0.973025358048449 0.983601607229884 1.01290878679094
10 "MCAR10.C10" 0.866416352247938 0.972076030417082 0.986797217779999 1.00932549516186
10 "MAR.C30" 0.804817262911209 0.974763242666922 1.08865099870461 1.12484900700335
10 "MCAR10.C30" 0.809072917163003 0.966450925771404 1.25451607559921 1.29971048855838
11 "MAR.C10" 0.845780090343609 0.950830496640206 0.963726125196033 0.985312082098457
11 "MCAR10.C10" 0.871943729763767 0.953892826689135 0.967365484684791 0.993065176906155
11 "MAR.C30" 0.809566981207453 0.951800092038867 1.0668933605442 1.09892964992584
11 "MCAR10.C30" 0.813754142040985 0.954555251837905 1.20275811248544 1.24353164523687
12 "MAR.C10" 0.772974480911439 0.865387281952467 0.885599711758809 0.907232738883048
12 "MCAR10.C10" 0.79057657907223 0.866835219187225 0.882094068365201 0.907475305664502
12 "MAR.C30" 0.747148044375856 0.863738593794755 0.975178600405056 1.00344802990314
12 "MCAR10.C30" 0.738168605694649 0.868150713699461 1.14423577420685 1.18224657736351
13 "MAR.C10" 0.831563614878013 0.917894535858714 0.938511030479011 0.964095312716247
13 "MCAR10.C10" 0.836608587608884 0.912365389578607 0.934699403095266 0.957940812676244
13 "MAR.C30" 0.768756120930667 0.916866815320705 1.03259760298045 1.06731094370865
13 "MCAR10.C30" 0.764393715177299 0.916657517434727 1.22068617384255 1.25875864528395
14 "MAR.C10" 0.825082485250404 0.907211233596482 0.916475005569082 0.944621375305957
14 "MCAR10.C10" 0.830737670819929 0.905894477009447 0.91759045490463 0.941761097307168
14 "MAR.C30" 0.760244345678214 0.904123894123093 1.05616461676796 1.08981402649944
14 "MCAR10.C30" 0.747471748946534 0.899114655940336 1.20262391880653 1.2353361236453
15 "MAR.C10" 0.905041754862957 0.993563926476959 1.00064479644677 1.03042264106293
15 "MCAR10.C10" 0.904728371596005 0.995027287021976 1.00137376444148 1.03223342559892
15 "MAR.C30" 0.846877973254387 0.990959394918905 1.09806223714434 1.14579283017944
15 "MCAR10.C30" 0.81888739886047 0.991042782499996 1.26258672343659 1.30827978582884
16 "MAR.C10" 0.729523571228032 0.790998486035866 0.810932338551838 0.833646734795111
16 "MCAR10.C10" 0.748468409937647 0.786326624709511 0.807721299771618 0.828619434576622
16 "MAR.C30" 0.706534077726876 0.794450144892298 0.952459334520356 0.980191621917228
16 "MCAR10.C30" 0.679085625296175 0.802580726881431 1.18014422590538 1.21430026309385
17 "MAR.C10" 0.833065497326812 0.917896577490791 0.935303268484649 0.964569649561089
17 "MCAR10.C10" 0.821757614226442 0.918819190463456 0.935450150233728 0.959767764835674
17 "MAR.C30" 0.770946181872859 0.920071957067282 1.03837556661892 1.06882208899632
17 "MCAR10.C30" 0.751095950983705 0.924052299704401 1.20106260715152 1.24536504415132
18 "MAR.C10" 0.83652364629264 0.928122485037067 0.937195437996493 0.966906208408851
18 "MCAR10.C10" 0.841107705765939 0.928091780439892 0.93689876784889 0.962875184250186
18 "MAR.C30" 0.791968789359435 0.926250021458929 1.04500276246668 1.0788072130279
18 "MCAR10.C30" 0.769082259932982 0.939220223046412 1.18446994924973 1.22449371485564
19 "MAR.C10" 0.799213004317984 0.884886110421789 0.898789276951049 0.920802792612956
19 "MCAR10.C10" 0.80352238105417 0.882804281241701 0.89867505932374 0.918117550091205
19 "MAR.C30" 0.748025742021686 0.883839875377874 1.00208683136653 1.03264564839189
19 "MCAR10.C30" 0.741230037428783 0.891218858614755 1.16850450199274 1.20149112495174
20 "MAR.C10" 0.816961005193187 0.905646449891283 0.920212337257568 0.946880658281535
20 "MCAR10.C10" 0.820407492546183 0.905762797856023 0.920237901185485 0.943979386782559
20 "MAR.C30" 0.789591204309504 0.910614895793454 1.04885738687526 1.08330637240509
20 "MCAR10.C30" 0.76957334349119 0.914589167160571 1.20565119768308 1.24262210941544
21 "MAR.C10" 0.802018262605568 0.893909645733685 0.905944759115468 0.928538135238079
21 "MCAR10.C10" 0.813028075592207 0.893407019354788 0.90482372813734 0.923741946567886
21 "MAR.C30" 0.777080032786268 0.895932115873488 1.01302054032511 1.0407405776477
21 "MCAR10.C30" 0.756429226363636 0.895514705420326 1.16542186562275 1.19807605380364
22 "MAR.C10" 0.815329229194577 0.896005957289242 0.909928296389467 0.93664971821123
22 "MCAR10.C10" 0.815185412396263 0.898259477733757 0.910761435776397 0.934611873136444
22 "MAR.C30" 0.778446857305201 0.899964634351315 1.00844320702608 1.04678420609379
22 "MCAR10.C30" 0.760618766220674 0.901008357297098 1.14299354451895 1.18543518705369
23 "MAR.C10" 0.859975602252333 0.970626456190143 1.0098680412133 1.03608348273509
23 "MCAR10.C10" 0.862525885458744 0.972258846140268 1.00871697962851 1.03163821451809
23 "MAR.C30" 0.797250574827141 0.977555674413266 1.15329540726523 1.19219111841173
23 "MCAR10.C30" 0.784285305447163 0.983522574602528 1.33626695959089 1.37430124294762
24 "MAR.C10" 0.865674779324282 0.965506967220234 0.979347815974567 1.00878049838719
24 "MCAR10.C10" 0.898418221111815 0.966528777547011 0.983401474698453 1.01187447791543
24 "MAR.C30" 0.816227179093447 0.96469836145397 1.06545563729372 1.09935831898024
24 "MCAR10.C30" 0.788657272474471 0.96998096113749 1.2455844503389 1.28129609192459
25 "MAR.C10" 0.772897772492983 0.877833681211088 0.89890147210436 0.918193181269512
25 "MCAR10.C10" 0.791725596090384 0.876526818441322 0.897803314545455 0.913268869276073
25 "MAR.C30" 0.746290217993929 0.877135475534112 1.01352133544038 1.03783081335151
25 "MCAR10.C30" 0.721313825765552 0.88607309065661 1.23884047958807 1.27234239314865
26 "MAR.C10" 0.824313654116928 0.900472215872319 0.906729019196977 0.930711650477982
26 "MCAR10.C10" 0.839194924024937 0.897323304232525 0.907649488474659 0.931664730727979
26 "MAR.C30" 0.766298069754466 0.899943354850923 0.995208491917864 1.03413300355168
26 "MCAR10.C30" 0.730019967954318 0.902671029692698 1.17118521931557 1.21337192869413
27 "MAR.C10" 0.850666340873737 0.912427865853251 0.933588325328606 0.960999485009477
27 "MCAR10.C10" 0.844308237148113 0.910052667647383 0.932802719701676 0.959321069557495
27 "MAR.C30" 0.788157507986855 0.910602250717365 1.024258397274 1.05861403222007
27 "MCAR10.C30" 0.756222118337759 0.911470338198798 1.15793106511029 1.19649910856139
28 "MAR.C10" 0.813775429264072 0.926373348184103 0.966761784163704 0.991924971791415
28 "MCAR10.C10" 0.827884354788053 0.924789867141076 0.961283795032907 0.9851132429379
28 "MAR.C30" 0.776239621062697 0.923282660684186 1.08468934393526 1.11656393855947
28 "MCAR10.C30" 0.750112002033845 0.928140080277721 1.30400349099839 1.33890055488105
29 "MAR.C10" 0.896223552910265 0.974438642858771 0.994001812201042 1.02425608017185
29 "MCAR10.C10" 0.875449696681366 0.972574190953839 0.994782905031582 1.01888270481625
29 "MAR.C30" 0.828213445608033 0.970617495957695 1.11676554396032 1.14929717607752
29 "MCAR10.C30" 0.82059070346445 0.973240156833594 1.26928421431282 1.31233288787963
30 "MAR.C10" 0.799058630361176 0.893334130881942 0.91673016247939 0.945193101228823
30 "MCAR10.C10" 0.821642623106009 0.890899067446413 0.918556080933116 0.942723806691701
30 "MAR.C30" 0.775019067986071 0.891811675047306 1.02102940212166 1.05914799295998
30 "MCAR10.C30" 0.74777183262584 0.891419918220946 1.20860156316767 1.2479019290505
31 "MAR.C10" 0.912212979580859 1.02366133161609 1.02334255813455 1.05571570705478
31 "MCAR10.C10" 0.931772894733827 1.02417965413564 1.01947353085509 1.04709726557819
31 "MAR.C30" 0.845305996902627 1.02050304921609 1.10778396395015 1.1462969954831
31 "MCAR10.C30" 0.832665554005848 1.01755345118938 1.3162097381349 1.35649878880369
32 "MAR.C10" 0.835807024440849 0.922454716792922 0.941647770402169 0.971280784783287
32 "MCAR10.C10" 0.822938082393328 0.920755245139248 0.943078213669803 0.967325779445468
32 "MAR.C30" 0.791611066820851 0.916511159419468 1.0316618257472 1.07247799056788
32 "MCAR10.C30" 0.780628688587117 0.917697680028366 1.18085314895303 1.21954087818346
33 "MAR.C10" 0.799111542232995 0.882187645557484 0.894950036592762 0.92100878537622
33 "MCAR10.C10" 0.803813629777413 0.881540641764385 0.893276111846494 0.913128811075779
33 "MAR.C30" 0.773941462741717 0.884976217747576 1.00241622333584 1.03155801253766
33 "MCAR10.C30" 0.759243083023159 0.886878747400665 1.1844773054858 1.22055001907823
34 "MAR.C10" 0.905021512659781 0.974690057276647 0.990494311777634 1.02041251432211
34 "MCAR10.C10" 0.885760051351848 0.97155146075811 0.988213967460233 1.01270515033041
34 "MAR.C30" 0.833273586170876 0.977336567739727 1.10124646759624 1.13367198944641
34 "MCAR10.C30" 0.797077182762872 0.976481841478118 1.28082872198294 1.31705532502532
35 "MAR.C10" 0.774339092593496 0.83853925573476 0.840118043359457 0.862462085678971
35 "MCAR10.C10" 0.771240230349168 0.837951396304292 0.843485362182493 0.866061506199955
35 "MAR.C30" 0.715791457632862 0.838290986072348 0.937750038777376 0.97423044614801
35 "MCAR10.C30" 0.733672653393181 0.839380407336349 1.06902771785378 1.10707547414566
36 "MAR.C10" 0.85771663879596 0.954438279979514 0.970786365144886 0.997731515643681
36 "MCAR10.C10" 0.860248975243764 0.952529654605459 0.969716705253274 0.991318917733792
36 "MAR.C30" 0.822404744130168 0.956621983241232 1.08509310930337 1.11915982237706
36 "MCAR10.C30" 0.773763677947208 0.95679575658791 1.27299729957179 1.30951559524602
37 "MAR.C10" 0.841569129943354 0.908303258627945 0.943404917392685 0.965711164927283
37 "MCAR10.C10" 0.852528473197901 0.908687128565713 0.945269497757422 0.965121961791578
37 "MAR.C30" 0.811234283642456 0.911661781179047 1.06260849844165 1.09351212751662
37 "MCAR10.C30" 0.76593067923837 0.915233583207229 1.21305750146781 1.24590118439529
38 "MAR.C10" 0.842903191370437 0.944349573731233 0.950420816266129 0.977592396851209
38 "MCAR10.C10" 0.848649923872263 0.946820663301836 0.952354579531502 0.978768842251521
38 "MAR.C30" 0.797695019586678 0.94574576191194 1.01614691969928 1.0513456313158
38 "MCAR10.C30" 0.790576857026794 0.954442936590079 1.16446646392236 1.21250480531677
39 "MAR.C10" 0.784209169008433 0.856289207828073 0.863754631449364 0.893564555548908
39 "MCAR10.C10" 0.787759377220015 0.85404405799916 0.863238069185235 0.886001280987122
39 "MAR.C30" 0.746759618755226 0.858780226524012 0.958491078107537 0.997587162123034
39 "MCAR10.C30" 0.703117920827844 0.860276211281241 1.13868930207652 1.17735859134393
40 "MAR.C10" 0.838060065741526 0.920924112732236 0.929948729117411 0.955131745210272
40 "MCAR10.C10" 0.836526002455473 0.91489365668655 0.926804948010459 0.945815681871978
40 "MAR.C30" 0.786837036795856 0.915585356777407 1.01091640154866 1.04679129663939
40 "MCAR10.C30" 0.760614312495088 0.917006020125367 1.14764920877117 1.18261578311007
41 "MAR.C10" 0.849433107792852 0.942629176920113 0.952531418021619 0.980041155445216
41 "MCAR10.C10" 0.850338009563739 0.939848475586011 0.950850561541994 0.974277392850943
41 "MAR.C30" 0.80344776041551 0.94285095561495 1.01996545433825 1.05501739171707
41 "MCAR10.C30" 0.799875032398644 0.940052366229353 1.18863912634673 1.22835714045305
42 "MAR.C10" 0.806461530227443 0.88853340120559 0.907577784227636 0.932373075236423
42 "MCAR10.C10" 0.809675373485912 0.88968958902975 0.908183639712571 0.936733029144766
42 "MAR.C30" 0.770022867521473 0.887083015694503 1.01989233071735 1.0609809233089
42 "MCAR10.C30" 0.74340823351112 0.891005394111608 1.19992303840532 1.24072200820928
43 "MAR.C10" 0.828299185903165 0.912516155361964 0.91931192164708 0.945522072148519
43 "MCAR10.C10" 0.821554972309713 0.907842195564698 0.916576444480007 0.939797996686461
43 "MAR.C30" 0.802911872686315 0.919497226106883 0.995545995446043 1.03702817205767
43 "MCAR10.C30" 0.766545319855501 0.917343794122784 1.18052901493194 1.22339602655644
44 "MAR.C10" 0.788166810947632 0.858395853711979 0.870596590778911 0.896383287575487
44 "MCAR10.C10" 0.778743301469925 0.856621569385917 0.872374017923488 0.895014955764198
44 "MAR.C30" 0.731469366105857 0.857765704877328 1.00698511273014 1.0417805492088
44 "MCAR10.C30" 0.703474968045318 0.857134319133744 1.21666923855612 1.2487126033988
45 "MAR.C10" 0.827368683425765 0.902259378191006 0.911747139129025 0.942567433375941
45 "MCAR10.C10" 0.832721237253451 0.90209843497414 0.909882467340944 0.935453239816869
45 "MAR.C30" 0.768620284511965 0.908463240178292 0.994445697355385 1.03597998456275
45 "MCAR10.C30" 0.726478369344507 0.904546996675116 1.16310102908169 1.19840468409605
46 "MAR.C10" 0.839640139317366 0.927472293288789 0.943489196071793 0.964067127537367
46 "MCAR10.C10" 0.855665084689366 0.926336779124663 0.938535104599235 0.957241894771236
46 "MAR.C30" 0.802520459094369 0.927957531233182 1.05951910221948 1.09526004936872
46 "MCAR10.C30" 0.779351870554017 0.928912895055307 1.24050066224534 1.28176062929079
47 "MAR.C10" 0.84975242567564 0.926111436193852 0.929720022480936 0.952455265359916
47 "MCAR10.C10" 0.846322299519131 0.925207793172695 0.927445368413137 0.947790047148151
47 "MAR.C30" 0.800915667598812 0.927853638431494 1.01457422728791 1.04775692354353
47 "MCAR10.C30" 0.782890818791945 0.926058489032893 1.1418622363321 1.18437442936895
48 "MAR.C10" 0.864422270417408 0.947910826639545 0.966229206847824 0.992042070833712
48 "MCAR10.C10" 0.862029525647754 0.951361600053601 0.969421038278808 0.995662248555542
48 "MAR.C30" 0.835832941455269 0.951671506273991 1.05085307380609 1.08900747884763
48 "MCAR10.C30" 0.804757667450304 0.951610966670085 1.20028038706605 1.24179049086025
49 "MAR.C10" 0.747627052274502 0.834553591443288 0.853835706062935 0.88019104149993
49 "MCAR10.C10" 0.771201845012874 0.833851690124954 0.852013341534787 0.869944933761245
49 "MAR.C30" 0.73406702613834 0.836257253554726 0.935812092467864 0.96533308171504
49 "MCAR10.C30" 0.71527681571237 0.833677803983185 1.09006165101276 1.12184805672207
50 "MAR.C10" 0.874098665245958 0.953950436636243 0.980055454152632 1.01243897236095
50 "MCAR10.C10" 0.876893556040347 0.956896791048697 0.979464888469531 1.008966835436
50 "MAR.C30" 0.831062866681965 0.958903578964438 1.08880247353771 1.12341553506809
50 "MCAR10.C30" 0.793620927764582 0.967463240219787 1.26158432112533 1.3082073910946
51 "MAR.C10" 0.835132627213358 0.923868921680295 0.93238127497104 0.959579376139487
51 "MCAR10.C10" 0.831030997463877 0.924492549479379 0.932123988174498 0.957209405665551
51 "MAR.C30" 0.770297990100637 0.917476069972758 1.04056474584634 1.07419248668854
51 "MCAR10.C30" 0.73978676864647 0.923459726459151 1.22070505061621 1.26343723134451
52 "MAR.C10" 0.869922914695389 0.941821337010353 0.956802398841942 0.988624779535891
52 "MCAR10.C10" 0.865314266071155 0.937519955075745 0.9564441056878 0.985017367212795
52 "MAR.C30" 0.814872535112106 0.946327692315052 1.04478967971193 1.09484306579394
52 "MCAR10.C30" 0.799120714399762 0.944464989896448 1.1978549337117 1.24520656488557
53 "MAR.C10" 0.846402606662421 0.938548167889507 0.964793005748572 0.983999000950012
53 "MCAR10.C10" 0.848620369504738 0.938163482601963 0.964024645266513 0.983094575602346
53 "MAR.C30" 0.795849726581179 0.942273420619174 1.06103644035988 1.08487343073756
53 "MCAR10.C30" 0.785903199071777 0.941831760601823 1.20673257969316 1.2368059660577
54 "MAR.C10" 0.800242117122749 0.867783818494387 0.88635075679766 0.907737592961052
54 "MCAR10.C10" 0.811252112946317 0.868239196582934 0.880510103239669 0.901025054239554
54 "MAR.C30" 0.751362799646936 0.871068502468668 1.00898682425975 1.04335636995326
54 "MCAR10.C30" 0.734453123122206 0.866414196833077 1.17700570361028 1.2127965911435
55 "MAR.C10" 0.771703845480275 0.855280640383933 0.875322586162467 0.90270205839269
55 "MCAR10.C10" 0.782677189757097 0.856808185962987 0.877799188305861 0.903380533135604
55 "MAR.C30" 0.734811733109665 0.854464349611547 0.963810463095518 0.996419693587866
55 "MCAR10.C30" 0.702367857422449 0.863311070978874 1.1740830274707 1.21478088897204
56 "MAR.C10" 0.828225526118356 0.905271201417711 0.933906945907496 0.960399292621534
56 "MCAR10.C10" 0.826060013908799 0.905340636310826 0.934533522043468 0.959106483055513
56 "MAR.C30" 0.774271756608765 0.906707215242358 1.06614069856701 1.10242479287997
56 "MCAR10.C30" 0.748552359700094 0.908094136552806 1.22470137828774 1.25974595804569
57 "MAR.C10" 0.864882136059723 0.946533540745347 0.969310903516151 0.994980086619414
57 "MCAR10.C10" 0.851706992548775 0.945360187094359 0.96914024572603 0.996131843720437
57 "MAR.C30" 0.817303417700415 0.951744807899324 1.04566700393273 1.07771665321735
57 "MCAR10.C30" 0.78088924583701 0.955073463470566 1.24808294118878 1.28423096190297
58 "MAR.C10" 0.916075631930175 1.00303747064918 1.01815810424249 1.04944887526049
58 "MCAR10.C10" 0.908226120768213 1.00217465080091 1.0162438232172 1.04566518388428
58 "MAR.C30" 0.853313501418061 1.00022958203335 1.1162969357767 1.16309538316326
58 "MCAR10.C30" 0.816347834349311 1.00333985288068 1.25798148655729 1.3058775213424
59 "MAR.C10" 0.822054722382939 0.937826652230652 0.953848906134946 0.979362952158693
59 "MCAR10.C10" 0.838805213722565 0.937566814759444 0.955353253877335 0.979942721179564
59 "MAR.C30" 0.785649384132661 0.931103493292537 1.08096946526779 1.11258597476641
59 "MCAR10.C30" 0.78139449411959 0.940063086828441 1.314436171601 1.35449713845767
60 "MAR.C10" 0.878077286408521 0.952829938356909 0.960217295404329 0.987652336117085
60 "MCAR10.C10" 0.8630944283452 0.953156829801027 0.959081187699997 0.984353160984657
60 "MAR.C30" 0.834815097825335 0.946707495976374 1.03282935344302 1.07076640469589
60 "MCAR10.C30" 0.792215194535726 0.947480117398764 1.20969065310225 1.24869243553416
61 "MAR.C10" 0.88666275597485 0.988124951829814 1.01170507733012 1.04254908531059
61 "MCAR10.C10" 0.895026533246233 0.987089636345375 1.01026926876076 1.03776587746342
61 "MAR.C30" 0.846918124370078 0.9916869237708 1.09752372274411 1.1316731604019
61 "MCAR10.C30" 0.820977455081619 0.999774399460214 1.26567355043559 1.31031610390024
62 "MAR.C10" 0.813620112693015 0.894191652965455 0.906782606904027 0.92997937635806
62 "MCAR10.C10" 0.808916227058045 0.891450380221842 0.906778994759074 0.925953031826391
62 "MAR.C30" 0.754756134732798 0.892990242860174 0.981090801826489 1.01567487800242
62 "MCAR10.C30" 0.728428678833514 0.892584246017912 1.16911758161455 1.2036153661491
63 "MAR.C10" 0.854685167880103 0.931937088717457 0.936558589526594 0.960384873834272
63 "MCAR10.C10" 0.862358414018895 0.930707156840722 0.935101155368855 0.961031076919348
63 "MAR.C30" 0.791192601629606 0.928491303081106 1.05225868657671 1.08937792244549
63 "MCAR10.C30" 0.766622940242912 0.934748113000632 1.23937271100136 1.28090778942537
64 "MAR.C10" 0.758780072207024 0.834418452092988 0.85487850317355 0.878718826035177
64 "MCAR10.C10" 0.755182076104345 0.83210450897774 0.853330605517692 0.874191249160249
64 "MAR.C30" 0.71040468897543 0.835624597047157 0.938318804896736 0.967616285543054
64 "MCAR10.C30" 0.683485350429342 0.832987325489503 1.09352977864407 1.12815596354224
65 "MAR.C10" 0.784532449940278 0.848814987015722 0.86680624256046 0.889450991873
65 "MCAR10.C10" 0.807172799274499 0.849900953053048 0.868063768618691 0.890216897192021
65 "MAR.C30" 0.721153434365061 0.848529119547814 1.0007119061143 1.03418162363517
65 "MCAR10.C30" 0.704163821712621 0.850384583064062 1.18760658385188 1.22102978576462
66 "MAR.C10" 0.83305701221881 0.917705454924425 0.924142990789862 0.953419944845498
66 "MCAR10.C10" 0.831641742878594 0.916798513870832 0.924563416411687 0.952471005268651
66 "MAR.C30" 0.770243084975985 0.918723883457706 1.03655921086147 1.07603283887085
66 "MCAR10.C30" 0.746099453232379 0.917735019628178 1.21215902450562 1.25268498098831
67 "MAR.C10" 0.753711202119421 0.823469064194416 0.840846288851201 0.865570253668352
67 "MCAR10.C10" 0.758479498272334 0.819869446463777 0.840172155126668 0.860474797094176
67 "MAR.C30" 0.726115177956184 0.830679120417893 0.946353231284796 0.982445658213585
67 "MCAR10.C30" 0.68993920524707 0.837647323542307 1.13378905280537 1.16359629674177
68 "MAR.C10" 0.829598063458559 0.894558398235268 0.907095902683295 0.931329369633132
68 "MCAR10.C10" 0.825828632437841 0.893914783501404 0.907772915029939 0.929008845526982
68 "MAR.C30" 0.770078181537192 0.903972223992678 1.00791478130995 1.0443186624018
68 "MCAR10.C30" 0.733035065845843 0.901844441864506 1.17182696245267 1.21502580492438
69 "MAR.C10" 0.913557846959395 1.01423640632597 1.03371300522069 1.06465706664484
69 "MCAR10.C10" 0.925211958474623 1.01363151330893 1.03408027587864 1.06168433940989
69 "MAR.C30" 0.884625147710351 1.01202285489155 1.13292359824302 1.1711371594096
69 "MCAR10.C30" 0.849450650428716 1.01471186635597 1.32205535410392 1.37036671421898
70 "MAR.C10" 0.859479889826695 0.963095133951214 0.967068128730125 0.994103900173119
70 "MCAR10.C10" 0.863509422055789 0.962133742921507 0.965304698466724 0.992802590169575
70 "MAR.C30" 0.837449331478216 0.962005876911336 1.037593819633 1.07718446571432
70 "MCAR10.C30" 0.805322697965319 0.968918858017577 1.25188950455493 1.30429106965082
71 "MAR.C10" 0.884069233909803 0.963267358855996 0.97096060589958 1.00145981475173
71 "MCAR10.C10" 0.89137213944827 0.964666047404251 0.970042165279469 0.998728465570911
71 "MAR.C30" 0.801596477861026 0.958474446032103 1.06759019951499 1.11008659331523
71 "MCAR10.C30" 0.788981796115727 0.963434475818763 1.23987314986661 1.28400177250188
72 "MAR.C10" 0.844582190638689 0.90375975046026 0.920956042321742 0.946058365281825
72 "MCAR10.C10" 0.829794313280759 0.901629376657881 0.920498091940313 0.943899956839833
72 "MAR.C30" 0.773716551352873 0.900268792176177 1.04645209452678 1.07759153950159
72 "MCAR10.C30" 0.752783156212826 0.903249698592289 1.23647328066807 1.27065227905628
73 "MAR.C10" 0.770753617760767 0.875944067240678 0.891671278208178 0.920672337093219
73 "MCAR10.C10" 0.778965719971297 0.874867654126657 0.892287135187007 0.91518603676898
73 "MAR.C30" 0.761542032141527 0.879117415813861 1.00581110324548 1.04585011575874
73 "MCAR10.C30" 0.740496776314613 0.880954129856528 1.19673410753999 1.23605545176218
74 "MAR.C10" 0.822607102333878 0.891123255820861 0.90413680876089 0.929809631148723
74 "MCAR10.C10" 0.831465782928559 0.88743405278427 0.901032291822917 0.924885015042988
74 "MAR.C30" 0.781867639100109 0.887663438014196 1.02105596217512 1.05789738772517
74 "MCAR10.C30" 0.758392984742887 0.895309691690164 1.19640579390046 1.23636134237617
75 "MAR.C10" 0.815928744541667 0.903407535851311 0.917000822431058 0.948045261004715
75 "MCAR10.C10" 0.821434171204778 0.905006111357669 0.920694391473531 0.950855384325632
75 "MAR.C30" 0.758413470324546 0.903773142460336 1.02166342835492 1.06006441869558
75 "MCAR10.C30" 0.74017492834392 0.903363577379028 1.16228859833961 1.20223785128343
76 "MAR.C10" 0.809393830833754 0.899881039046098 0.919825224260515 0.94168879022554
76 "MCAR10.C10" 0.829929977353906 0.900608139630773 0.921682876710136 0.94354353427367
76 "MAR.C30" 0.77257748153889 0.901073659412608 1.03647973517728 1.06257520250451
76 "MCAR10.C30" 0.768492983561446 0.90131422737356 1.1642878317053 1.19941291264277
77 "MAR.C10" 0.843670575715131 0.929076886462299 0.949318408222101 0.976953452964019
77 "MCAR10.C10" 0.839353497661651 0.929621348541859 0.947375327510775 0.975896832103024
77 "MAR.C30" 0.777967809586567 0.928198981326126 1.02170744215081 1.04983740143959
77 "MCAR10.C30" 0.7692742865639 0.928203143474632 1.16731245855449 1.20005590390757
78 "MAR.C10" 0.864081551162388 0.940992891841195 0.946660668875559 0.976681778442096
78 "MCAR10.C10" 0.861620525579143 0.937145522033393 0.945154945967609 0.973005604803261
78 "MAR.C30" 0.799398774007222 0.933909750683639 1.03600458317938 1.07714780830449
78 "MCAR10.C30" 0.783873187020328 0.933877600486598 1.1883576178071 1.23175109047967
79 "MAR.C10" 0.833172308780705 0.930603880160674 0.960196799888054 0.987621574125938
79 "MCAR10.C10" 0.840205607481796 0.930650438213215 0.961564021924105 0.989120101879666
79 "MAR.C30" 0.787021752052169 0.93042081754233 1.08714839582076 1.12432686963396
79 "MCAR10.C30" 0.777870134552941 0.934320761164675 1.24942233554445 1.28221470004415
80 "MAR.C10" 0.882757072890774 0.969508893978959 0.97182067220056 1.00207221602385
80 "MCAR10.C10" 0.885762976698772 0.968071245547478 0.971874065469353 0.997216677946529
80 "MAR.C30" 0.846435892936271 0.968744050913841 1.05417543299578 1.09429108974441
80 "MCAR10.C30" 0.823948176410299 0.965299732498103 1.17677221204012 1.21234567123349
81 "MAR.C10" 0.830545657027203 0.925226738889122 0.946217478616551 0.975232894126346
81 "MCAR10.C10" 0.837121688663854 0.925692433417544 0.948030615269942 0.976773976499767
81 "MAR.C30" 0.79855552367402 0.933182690176376 1.06067154736863 1.09546671703914
81 "MCAR10.C30" 0.778214055087276 0.929665146296175 1.20777559110718 1.25098224153482
82 "MAR.C10" 0.851762503975253 0.937053594449185 0.958444784110349 0.981959985524462
82 "MCAR10.C10" 0.866878756822058 0.938474590104021 0.958480592446207 0.97867475775169
82 "MAR.C30" 0.816843066707905 0.938711842887117 1.04027219568788 1.07666888827609
82 "MCAR10.C30" 0.807634889401961 0.940893506516519 1.26939697956433 1.31033292388109
83 "MAR.C10" 0.826961789010164 0.928142745252186 0.941920821322069 0.968515856188174
83 "MCAR10.C10" 0.848027547897856 0.926171171171139 0.94125687477419 0.964903994400949
83 "MAR.C30" 0.771486670336756 0.923946255167009 1.05314266328388 1.08980211368512
83 "MCAR10.C30" 0.740256489994387 0.930654470013207 1.22670843787665 1.26684684755852
84 "MAR.C10" 0.792046220939326 0.876350453826441 0.887219697355421 0.905642024931185
84 "MCAR10.C10" 0.782638527406432 0.868894409382541 0.883668125669566 0.902168472975484
84 "MAR.C30" 0.766499631072908 0.868250807738415 0.96713509012795 0.99742361899123
84 "MCAR10.C30" 0.735215242521688 0.876678213112034 1.14326420153697 1.1775635605262
85 "MAR.C10" 0.852838677671838 0.905335176032068 0.91985081735133 0.942194784316319
85 "MCAR10.C10" 0.848352133189314 0.903259217816098 0.912065810514509 0.927775777369853
85 "MAR.C30" 0.807947164667062 0.903197536372107 0.992002380884881 1.02473105819388
85 "MCAR10.C30" 0.776160725646805 0.909203595843866 1.15719960884199 1.19644760840274
86 "MAR.C10" 0.774373191764825 0.865321215297222 0.88286835792731 0.905851966649557
86 "MCAR10.C10" 0.775135358397783 0.863227803351302 0.880802111735948 0.897565580302487
86 "MAR.C30" 0.74149122919896 0.865363289619917 0.979634933117711 1.01081450450553
86 "MCAR10.C30" 0.731179458921433 0.865670118273268 1.13804971100895 1.17006335837097
87 "MAR.C10" 0.857475591429197 0.93012156690739 0.939530866499446 0.965210291284251
87 "MCAR10.C10" 0.864701628429462 0.929207035987075 0.935842662726328 0.959529965602772
87 "MAR.C30" 0.79559698783981 0.929279850647256 1.04515911903957 1.07817203653432
87 "MCAR10.C30" 0.764152564623394 0.929839297415911 1.21364795428744 1.25118307287326
88 "MAR.C10" 0.891942752359463 0.957295950560506 0.979807136816435 1.00611049534532
88 "MCAR10.C10" 0.881687986849413 0.953101072806183 0.973947197805256 0.995025116808495
88 "MAR.C30" 0.825413465432041 0.952288410102816 1.08206589895084 1.11928067267031
88 "MCAR10.C30" 0.798649690933803 0.951958548797241 1.24216256410192 1.28058322820321
89 "MAR.C10" 0.866322642477623 0.965034414527209 0.984483877959783 1.0106623318203
89 "MCAR10.C10" 0.87600291382427 0.960148381381782 0.980809035095849 1.002584433586
89 "MAR.C30" 0.848712061085075 0.969120216535183 1.07286883526216 1.10750329810896
89 "MCAR10.C30" 0.834986851647231 0.967170260620981 1.26564120940126 1.3040383254445
90 "MAR.C10" 0.840650053106142 0.912594809420886 0.927990463143042 0.954995473055087
90 "MCAR10.C10" 0.853286842868145 0.908509743575623 0.924816932063095 0.947342927124673
90 "MAR.C30" 0.788222806794648 0.914308740834173 1.00706404171549 1.04563379122803
90 "MCAR10.C30" 0.776469707172394 0.917173349772239 1.20022514576869 1.23753625264378
91 "MAR.C10" 0.855897540326518 0.933992141790403 0.942547433542386 0.978534908011396
91 "MCAR10.C10" 0.86291104325201 0.933788216350572 0.939685408290134 0.971137470113393
91 "MAR.C30" 0.788115071633844 0.929821657713919 1.03737268932466 1.08296584261838
91 "MCAR10.C30" 0.777293332586918 0.931723923305058 1.20615543921578 1.25015216399428
92 "MAR.C10" 0.842631186929151 0.913134520378817 0.936448437124302 0.963508348441933
92 "MCAR10.C10" 0.846778642636493 0.910066944432491 0.937133318885824 0.96035193240433
92 "MAR.C30" 0.800366003917573 0.911824740418162 1.05354614450565 1.08851520796261
92 "MCAR10.C30" 0.773729515163454 0.918020630030946 1.23737528240478 1.27306069511461
93 "MAR.C10" 0.736664458889617 0.826056500246468 0.857177118658394 0.88128467406537
93 "MCAR10.C10" 0.748860117895159 0.822670339058267 0.855244239481509 0.873534425127154
93 "MAR.C30" 0.706716302977971 0.827412499860442 0.989736635995222 1.01886732562014
93 "MCAR10.C30" 0.685480504565465 0.823756600243859 1.16151960553059 1.19484819896789
94 "MAR.C10" 0.782129921850965 0.84816335346526 0.854904357680621 0.878351729436823
94 "MCAR10.C10" 0.786489689595904 0.84743758962349 0.853459835918019 0.874110642590521
94 "MAR.C30" 0.74780729382337 0.864325208602333 0.927601826018207 0.963192099007435
94 "MCAR10.C30" 0.716463427226153 0.856096481316522 1.15993891437146 1.19847425467038
95 "MAR.C10" 0.839871604814502 0.929940142125357 0.93640257828815 0.966022010561937
95 "MCAR10.C10" 0.869310934500975 0.928783962969692 0.932352057615278 0.960471262221111
95 "MAR.C30" 0.797071540656444 0.935017282458132 1.02383947883309 1.06127719534511
95 "MCAR10.C30" 0.786685429864817 0.938160624660074 1.21351936578023 1.26191960785404
96 "MAR.C10" 0.852169802527998 0.94259507844 0.952953247259602 0.980317751682204
96 "MCAR10.C10" 0.865651568729677 0.943206429474377 0.952881155463718 0.976350760199639
96 "MAR.C30" 0.830933084352071 0.949097935621994 1.03693851154582 1.07922777294759
96 "MCAR10.C30" 0.790712529572027 0.944097098988055 1.195827861369 1.23815994222219
97 "MAR.C10" 0.840401715122016 0.920469616455682 0.935741465669596 0.961444027518036
97 "MCAR10.C10" 0.83951546692491 0.922459462720639 0.935792242544922 0.962145098713951
97 "MAR.C30" 0.798817383357532 0.922238642747386 1.05126510803035 1.08903295713049
97 "MCAR10.C30" 0.781608166460628 0.922223725011739 1.21443876209313 1.25166675283973
98 "MAR.C10" 0.820456324618593 0.901585819182487 0.914454377751112 0.94225592974066
98 "MCAR10.C10" 0.813645799221886 0.899271479737962 0.910921437608114 0.940634863207167
98 "MAR.C30" 0.76036802437579 0.909016825548399 1.01767734220879 1.05933286028383
98 "MCAR10.C30" 0.716890716380072 0.901540914267126 1.2225686497065 1.25739711017666
99 "MAR.C10" 0.844237266086258 0.931282402905697 0.934099268151063 0.956475018563671
99 "MCAR10.C10" 0.851912084942153 0.930523076201614 0.935750434385042 0.961664145606649
99 "MAR.C30" 0.789449074054248 0.935289767640701 1.01167427687037 1.05111007744803
99 "MCAR10.C30" 0.780299068776659 0.930413132920757 1.19999550702435 1.24070772882624
100 "MAR.C10" 0.838513358367413 0.910095612820812 0.91447882017942 0.939345136915854
100 "MCAR10.C10" 0.829571295321095 0.906324321668544 0.912565862804628 0.936984344593604
100 "MAR.C30" 0.772494321981518 0.907530907348442 0.993439883104598 1.02494237596978
100 "MCAR10.C30" 0.746152396677827 0.907821903700453 1.16383020796521 1.20392998493792
1 "MAR.C50" 0.712445392942243 0.901840856505628 1.76004193283545 1.80585442337339
1 "MCAR10.C50" 0.724812754023283 0.900988409109388 1.763778185594 2.00152074997722
2 "MAR.C50" 0.765828050667293 0.951702324508521 1.65103538351103 1.87707399702258
2 "MCAR10.C50" 0.758052497785454 0.942265808216375 1.6428743763043 1.95338162413193
3 "MAR.C50" 0.760101647944893 0.947821854393713 1.61291710663033 1.65449836805151
3 "MCAR10.C50" 0.778191296733772 0.948123386754044 1.60782749153443 1.70673107340645
4 "MAR.C50" 0.826977749410198 1.03586797207433 1.77083301215306 2.05512702990426
4 "MCAR10.C50" 0.808302004648103 1.36956718459764 1.76630131824116 1.81376579258483
5 "MAR.C50" 0.725894601710525 0.933759662916008 1.66713986691148 1.86498558082442
5 "MCAR10.C50" 0.758218239761266 0.935412504054704 1.67075900807344 1.71606959779956
6 "MAR.C50" 0.718333486487393 0.880747818726368 1.73506385354593 2.25559329916797
6 "MCAR10.C50" 0.716008894164805 0.876358088823351 1.73474856598596 2.04110498983277
7 "MAR.C50" 0.711294662978797 0.881923051877109 1.67942368123671 1.72862565162289
7 "MCAR10.C50" 0.711961011344925 0.881728347567749 1.67641205875369 2.02067964451996
8 "MAR.C50" 0.772768600830141 0.94370577235562 1.73654281583833 1.78709682634953
8 "MCAR10.C50" 0.76797520051513 0.941698786700338 1.74165791137615 2.42428773735983
9 "MAR.C50" 0.785045926934963 0.946949376498674 1.65683910411624 1.70742135244532
9 "MCAR10.C50" 0.790657402958093 0.949278784251997 1.65771979257762 1.70960736100324
10 "MAR.C50" 0.719949649258586 0.901255050081097 1.61749625563908 1.66972084635561
10 "MCAR10.C50" 0.729832502091845 0.89945726442222 1.62155029598492 1.67558672528512
11 "MAR.C50" 0.72761123028337 0.935582835699234 1.60966639241507 1.64802278512697
11 "MCAR10.C50" 0.734600973203846 0.937168404096621 1.60606476397754 1.93286324534997
12 "MAR.C50" 0.754355269837889 0.954177878548403 1.73203503940186 1.99337720212448
12 "MCAR10.C50" 0.769013684961657 0.950667655330934 1.73497651112754 2.00236058254634
13 "MAR.C50" 0.764890260623063 0.982451988277889 1.71998875036424 2.20053323632648
13 "MCAR10.C50" 0.774053094787762 0.981882372379847 1.71878927684116 2.05716367193438
14 "MAR.C50" 0.7395099254963 0.920310706311676 1.62416198068656 1.9666569944986
14 "MCAR10.C50" 0.753532392567188 0.922596870114301 1.62423969787128 1.93260944010284
15 "MAR.C50" 0.771509407619411 0.978564411392566 1.6543758236551 1.70029351147196
15 "MCAR10.C50" 0.764337212692118 0.978076100481682 1.65449617404522 1.96535508366343
16 "MAR.C50" 0.750419667619659 0.958569279327159 1.67794979137929 1.95102398495771
16 "MCAR10.C50" 0.748211880555146 0.951119068007229 1.67691913968811 2.31159030954171
17 "MAR.C50" 0.689290347144432 0.870311547614098 1.57897835170285 1.62485595432513
17 "MCAR10.C50" 0.700606059904179 0.873446011985843 1.57500795110274 1.61323752929308
18 "MAR.C50" 0.754263632522285 0.929958364181637 1.75339026642748 1.85198120659066
18 "MCAR10.C50" 0.751535154134908 0.928887121821312 1.74756201674852 1.88914366820203
26 "MAR.C50" 0.747791529808442 0.927148199610193 1.70152228946984 1.74636224663939
26 "MCAR10.C50" 0.743719902813527 0.924334632124929 1.69655706698245 1.73961290981077
27 "MAR.C50" 0.750678060264609 0.942743520343036 1.72023634839509 1.77360110889511
27 "MCAR10.C50" 0.759927667873249 0.943435197196965 1.72167973005284 2.25678179962798
28 "MAR.C50" 0.792505213169175 0.987174119940257 1.70261220544085 1.95351779756448
28 "MCAR10.C50" 0.787147497403201 0.977772957624446 1.69701202880643 2.44988115607375
31 "MAR.C50" 0.770046111282965 0.953873100860847 1.60481664673893 1.70272120987009
31 "MCAR10.C50" 0.791126881975005 0.953266412261379 1.60636087935073 1.77493366099729
32 "MAR.C50" 0.710179782761958 0.901460711284523 1.62893507734792 1.68204191857682
32 "MCAR10.C50" 0.721685665227326 0.892449863453671 1.62383923276546 1.66995147954894
41 "MAR.C50" 0.788572864555211 1.01528434048099 1.78982777207789 1.83472409830079
41 "MCAR10.C50" 0.794102874117957 1.01171472836541 1.7885895674791 1.91771521114088
42 "MAR.C50" 0.768953436542601 0.966203312077288 1.87699650478823 2.51960756639976
42 "MCAR10.C50" 0.784379680600905 0.969697476460635 1.86611431531227 2.49898307492393
43 "MAR.C50" 0.709787254298766 0.868133716187211 1.66801849136027 1.9614275603066
43 "MCAR10.C50" 0.721293411475932 0.867683790977881 1.66028591823616 1.72694727329637
44 "MAR.C50" 0.770848793058297 0.95661742133285 1.6956034907212 2.11649641022738
44 "MCAR10.C50" 0.764506896688106 0.951231498308998 1.68451486883792 1.98849015449529
45 "MAR.C50" 0.785731600857884 0.996696846340318 1.86372079131845 2.0344237031963
45 "MCAR10.C50" 0.772344627176136 0.989630998728856 1.86031141003364 2.55810375754661
46 "MAR.C50" 0.790727248024221 0.973121287868494 1.71898434289351 2.3784056149819
46 "MCAR10.C50" 0.790880819998363 0.977675990210276 1.72402212224902 2.35969789052268
47 "MAR.C50" 0.719325602898623 0.921354952920918 1.64369228849991 1.83875869076342
47 "MCAR10.C50" 0.739502220897675 0.924162068277998 1.64233761237617 1.68273015891009
48 "MAR.C50" 0.73627740317684 0.90796763411174 1.60298379738536 1.65127787378438
48 "MCAR10.C50" 0.746418038609482 0.915365813807124 1.60519594511892 1.65487860554619
49 "MAR.C50" 0.685338070959147 0.839790659637461 1.58351378802381 1.62151089609621
49 "MCAR10.C50" 0.682260313399216 0.839039051656297 1.5862157144273 1.93453909352463
50 "MAR.C50" 0.744342608698435 0.932425976481636 1.72458162599199 2.2858721798563
50 "MCAR10.C50" 0.757122971703701 0.929548773224435 1.7302419051934 2.39794454339524
51 "MAR.C50" 0.707498680757924 0.888741502832789 1.55927265259465 1.60717999599614
51 "MCAR10.C50" 0.715530190078929 0.885001563161388 1.55688582538347 1.59861037649475
61 "MAR.C50" 0.768866517673153 0.958917734575487 1.71125382756923 2.02563148822105
61 "MCAR10.C50" 0.76789595357416 0.952339731969985 1.70962763169392 2.00807698428542
62 "MAR.C50" 0.732962993189318 2.3349898302113 1.68772183415181 1.73338815301254
62 "MCAR10.C50" 0.734574982704803 0.889157135841464 1.68695924325112 1.72955556932009
63 "MAR.C50" 0.777822496188596 0.969677115570945 1.86292209738176 2.06166392952795
63 "MCAR10.C50" 0.776010420006201 0.968241345160882 1.85954807795973 1.91378002411181
66 "MAR.C50" 0.739033168512791 0.911873523842334 1.68336364238238 1.82398839333935
66 "MCAR10.C50" 0.737648226017098 0.911757447803873 1.68000598895009 2.1201198488106
67 "MAR.C50" 0.724271042466683 0.922320852630553 1.6895184815869 1.74231017627947
67 "MCAR10.C50" 0.738492551092328 0.921585695587536 1.69008063967132 2.00007312629447
71 "MAR.C50" 0.728170768959752 0.904750244660127 1.58787368419056 1.94753393041628
71 "MCAR10.C50" 0.721274547353737 0.895070348203732 1.57770408683017 1.61612934093349
72 "MAR.C50" 0.813875216986016 0.984345346179568 1.67060455343296 2.02289341222803
72 "MCAR10.C50" 0.803695026714756 0.976577479942744 1.66148144319243 1.7118143971651
73 "MAR.C50" 0.705488505147724 0.884510108070831 1.76031453328272 1.8071789822301
73 "MCAR10.C50" 0.72097652787032 0.905529644906196 1.76009176353225 1.80178664269577
74 "MAR.C50" 0.853942962259727 1.04491915815423 1.78411618047659 2.56856205668282
74 "MCAR10.C50" 0.846795757222949 1.04782717386222 1.7871925321222 2.07650841394797
75 "MAR.C50" 0.799277042338951 1.01522011113263 1.76523059255435 2.5016026804008
75 "MCAR10.C50" 0.813106547005078 1.01536469961355 1.76140855478019 2.63610116531106
76 "MAR.C50" 0.730911638783607 0.913020962371519 1.63057952992861 2.32239399994769
76 "MCAR10.C50" 0.736573497196178 0.911468439368339 1.63066192186103 2.2024504759212
77 "MAR.C50" 0.730620148308195 0.884117482344397 1.43020400841199 1.48022657022311
77 "MCAR10.C50" 0.723116081104728 0.883523743783858 1.42853736800006 1.4683699275956
81 "MAR.C50" 0.796710388327217 0.982681252452096 1.82706774062667 2.1395722546767
81 "MCAR10.C50" 0.787068513258082 0.973843533998404 1.82219139300456 2.2637711495286
82 "MAR.C50" 0.795132446739399 0.965460080126776 1.57871673976732 1.63402494275758
82 "MCAR10.C50" 0.802925070024785 0.956862611997971 1.57460339141929 1.69777196592351
83 "MAR.C50" 0.696788234782841 1.23587364202812 1.6759185547823 2.27251284908766
83 "MCAR10.C50" 0.705703404108481 0.902878715794586 1.67737097337105 1.75285068207174
84 "MAR.C50" 0.801909036965402 0.998258632095317 1.73473519822385 1.78736729033055
84 "MCAR10.C50" 0.812101718782428 0.996366664113193 1.73159909024831 2.12261813013796
85 "MAR.C50" 0.709883141766804 0.900331700357263 1.68256466069705 2.03317837707647
85 "MCAR10.C50" 0.709429098536093 0.897373179546791 1.68355504928914 1.72924577997008
86 "MAR.C50" 0.783184333761054 0.990705271250125 1.74455953221612 2.00798693495445
86 "MCAR10.C50" 0.783835906936224 0.985378260395704 1.73940463074777 2.44719753059716
87 "MAR.C50" 0.740402703077153 0.955958208487595 1.65628738938598 1.70852381918306
87 "MCAR10.C50" 0.742339451184179 0.952046811236195 1.66037057055044 1.71184892065896
91 "MAR.C50" 0.742798830497002 0.927934952266269 1.68392159831481 1.7244522815222
91 "MCAR10.C50" 0.751533367981944 0.928737484547698 1.68577740553741 1.72757792075474
92 "MAR.C50" 0.750362040001877 0.931570255076782 1.68739555893904 1.74439895257218
92 "MCAR10.C50" 0.758377169913061 0.930466796271444 1.68527891148184 1.96082872928712
96 "MAR.C50" 0.791200804899349 1.00348841226494 1.84562588338591 2.53828684024335
96 "MCAR10.C50" 0.796836727438928 1.00267554877911 1.84392285911119 2.48052230095432
97 "MAR.C50" 0.723119378963977 0.897140520305785 1.58670668165451 2.04170800782167
97 "MCAR10.C50" 0.744179302066511 0.896897471755564 1.5900781265316 1.62747902195354
1 "MAR.C50" 0.778644413010794 0.993620220000946 1.76466121562278 1.80900843990152
1 "MCAR10.C50" 0.781113111494758 0.979726808744348 1.75720477872251 1.80164732306246
2 "MAR.C50" 0.805600947214717 1.01646330738076 1.78153535138396 1.83730864019779
2 "MCAR10.C50" 0.835212672783562 1.01584063214559 1.789286792071 1.84193061705633
3 "MAR.C50" 0.701085458502983 0.882394330855333 1.66395977983201 2.00241941944022
3 "MCAR10.C50" 0.70994731119961 1.24493958771983 1.66540258985532 1.70785206256824
4 "MAR.C50" 0.735799989036887 0.924538852276587 1.5837568859104 1.63345633656322
4 "MCAR10.C50" 0.742093274777972 0.926152924739901 1.58510700736232 1.90914992296917
5 "MAR.C50" 0.694878478839492 0.885735993609368 1.75698471312096 2.06233887408511
5 "MCAR10.C50" 0.718066682816395 0.88559604223725 1.75185894505364 2.06389847378543
6 "MAR.C50" 0.768031912838673 0.955836949670207 1.71891705444205 2.05651827139157
6 "MCAR10.C50" 0.776888632865489 0.955925559929637 1.71621472372273 1.75641177033954
7 "MAR.C50" 0.786800143891657 0.967697641098838 1.79676928971018 2.49860186913329
7 "MCAR10.C50" 0.766363179757086 0.955532104095154 1.79495594876077 2.47378835773596
8 "MAR.C50" 0.739236186187519 0.895988559974425 1.68294129574342 1.98776399215362
8 "MCAR10.C50" 0.742956150275904 0.899177103412228 1.67740881527123 2.03778344833207
9 "MAR.C50" 0.753010523918502 0.949094224580659 1.75811244324032 1.80151668451088
9 "MCAR10.C50" 0.754311461090672 0.945816729692867 1.75460664328753 1.79883240865582
10 "MAR.C50" 0.786744769667885 0.972446801776436 1.61146972158579 1.66003392297466
10 "MCAR10.C50" 0.806992341160834 0.971854871654695 1.61456391088089 1.66265463790767
11 "MAR.C50" 0.752458571025764 0.922813498253603 1.54192406278358 1.83262216167757
11 "MCAR10.C50" 0.747665275134391 0.925374696476911 1.53033019247147 1.58216751652029
12 "MAR.C50" 0.77060193117228 0.981544403783915 1.70865426977785 1.75461664047866
12 "MCAR10.C50" 0.77754553584952 0.976204964942956 1.70684602472701 1.89337980683067
13 "MAR.C50" 0.809038932695204 1.0348741902839 1.9306475942809 1.98514785723107
13 "MCAR10.C50" 0.835488571795774 1.02749130848769 1.93239618994417 2.01045974153143
14 "MAR.C50" 0.719796269173076 0.91250025281632 1.63492179544847 2.41162551784254
14 "MCAR10.C50" 0.714884185163819 0.910560023705145 1.64199415036784 2.35206414137963
15 "MAR.C50" 0.776311064121253 0.943415737731565 1.82037080734804 2.36162849937705
15 "MCAR10.C50" 0.78463179222585 0.94609700623999 1.81546437540721 2.29992405846628
16 "MAR.C50" 0.732283915758974 0.923762769255601 1.81328799392688 1.8565902497443
16 "MCAR10.C50" 0.745869770595585 0.922302810336373 1.82012757231472 1.87285541634542
17 "MAR.C50" 0.819363631575339 1.0074273382875 1.70409569575261 1.75302139113907
17 "MCAR10.C50" 0.8277415208569 1.01265103137057 1.6998781355325 1.74907767469183
18 "MAR.C50" 0.828981049820501 1.06404446452564 2.00761300944398 2.43401984393539
18 "MCAR10.C50" 0.835022595672914 1.06481779853168 2.00005641666973 2.05166116193223
19 "MAR.C50" 0.788584336300778 0.966895139285957 1.80750122962542 1.86111081509163
19 "MCAR10.C50" 0.788037946914559 0.96631620569694 1.8093180750186 1.85057858418029
20 "MAR.C50" 0.720125984519713 0.933421514946753 1.73187912562359 2.06516152490351
20 "MCAR10.C50" 0.747100605332758 0.941647485163619 1.72670647148269 2.55190802083608
21 "MAR.C50" 0.747204622397507 0.957312806166008 1.62489859361836 1.67123281136051
21 "MCAR10.C50" 0.754682864232603 0.954562006358875 1.61899331159937 1.88797001646596
22 "MAR.C50" 0.719117666858298 0.932828138030591 1.57851983695046 1.62451659152811
22 "MCAR10.C50" 0.728248824771675 0.932837299512119 1.57658132987448 1.62816598568793
23 "MAR.C50" 0.725304758049234 0.901581587912273 1.56838231488647 1.62064560806002
23 "MCAR10.C50" 0.727459807975576 0.896003240842612 1.56535274295621 1.61612388478174
24 "MAR.C50" 0.7039662272787 0.881685939986401 1.63098525247702 2.26827184216138
24 "MCAR10.C50" 0.711148193123569 0.878745260775716 1.62858254593134 2.20195156731848
25 "MAR.C50" 0.729944227667128 0.921623771967162 1.65969211804714 1.70523217881661
25 "MCAR10.C50" 0.726828932201987 0.910854128839787 1.66293030547543 2.05468034567573
26 "MAR.C50" 0.751722422018596 0.947042952043353 1.74007703226506 2.49614360137049
26 "MCAR10.C50" 0.756790104808101 0.946832181868288 1.751053697268 2.06555729132196
27 "MAR.C50" 0.783900162064976 0.981695819102049 1.79975578988549 1.84888502186672
27 "MCAR10.C50" 0.791003407966186 0.989174699241732 1.79513214938105 1.84671453372783
28 "MAR.C50" 0.746742355074761 0.930383410770504 1.68764739078966 2.31226973048351
28 "MCAR10.C50" 0.753458654633364 0.926615253760009 1.67398982524315 2.31108861725219
29 "MAR.C50" 0.776850416263614 0.934737047182787 1.77083795878171 1.94406325448317
29 "MCAR10.C50" 0.73339893092244 0.935576963802892 1.76409968241318 1.93802552017846
30 "MAR.C50" 0.838576221814257 1.01874832310451 1.6799437398432 1.74004348312311
30 "MCAR10.C50" 0.846811159991388 1.0180627017159 1.68069715323492 2.05276834142979
31 "MAR.C50" 0.740558167870149 0.925595975668988 1.67593838659658 2.02541695613232
31 "MCAR10.C50" 0.751342436135215 0.923794159106787 1.66385085811869 1.7216937063089
32 "MAR.C50" 0.77271820326026 0.987369168229844 1.65911508487298 1.70789830019278
32 "MCAR10.C50" 0.77026723886215 0.985439438501733 1.66071592648103 1.94331494967518
33 "MAR.C50" 0.800141193561172 0.987106960538303 1.79586109107329 1.92211644415776
33 "MCAR10.C50" 0.801714784509331 0.986041252364259 1.79168149457647 1.83486458794205
34 "MAR.C50" 0.74805899315266 0.946988144276578 1.76965075951632 2.53734855008745
34 "MCAR10.C50" 0.766477808332202 0.94924727328446 1.77449601202912 2.00697902956024
35 "MAR.C50" 0.728397340280046 0.916107109156912 1.71931587569869 2.04276561077969
35 "MCAR10.C50" 0.73622610002122 0.915012617194756 1.71163153892801 1.76060648631071
36 "MAR.C50" 0.725112297793744 0.91836382468162 1.565546629824 1.61205826432429
36 "MCAR10.C50" 0.725363002191871 0.921687796086127 1.56916721033138 2.2646827180471
37 "MAR.C50" 0.731033286836147 0.920196448018499 1.66235096297618 1.70638696701549
37 "MCAR10.C50" 0.743349117265103 0.923548709576028 1.6669146537581 1.97415469017188
38 "MAR.C50" 0.734570175948995 0.915106853040422 1.71722731087199 2.43331180109534
38 "MCAR10.C50" 0.732350822400045 0.916860305350133 1.71398780739044 2.48084717406556
39 "MAR.C50" 0.752335276568758 0.954836221046791 1.64557827198816 2.32037242892671
39 "MCAR10.C50" 0.767494783681021 0.955175851441523 1.64873921250148 2.27917392541762
40 "MAR.C50" 0.694175679751819 0.874899242649434 1.54847576170803 1.57770253712765
40 "MCAR10.C50" 0.704454861061231 0.880009203248867 1.54476307935089 1.58891638338916
41 "MAR.C50" 0.721850634795587 0.92649351110067 1.73768740342072 1.7775972517929
41 "MCAR10.C50" 0.743659127243658 0.929690448495616 1.74333669654787 1.78271523144374
42 "MAR.C50" 0.715295203569815 0.878040017014716 1.65364484422873 1.69976226363363
42 "MCAR10.C50" 0.734291679885151 0.875440478972389 1.65275178326191 1.69189213703496
43 "MAR.C50" 0.820574368935874 1.03262514271209 1.63711803705785 1.68890535742566
43 "MCAR10.C50" 0.836601849400015 1.02982770548325 1.63470180579987 1.68280815323223
