1 "MAR.C10" 0.91629193099178 1.02204511420641 1.01439589893618 1.05805483252714
1 "MCAR10.C10" 0.924186827103539 1.0156053914551 1.00486305589394 1.03604930954738
1 "MAR.C30" 0.821050252359658 1.02962591127459 1.27369047557382 1.33080404848226
1 "MCAR10.C30" 0.796013973299888 1.03182609024894 1.27660719481782 1.32891684336927
2 "MAR.C10" 0.852040196209839 0.862915321525351 0.967539043735451 0.892362238242647
2 "MCAR10.C10" 0.857692419866793 0.863730409043322 0.97452727846935 0.895765131169695
2 "MAR.C30" 0.839822691084326 0.856967258619923 1.25959395877814 1.19743898832307
2 "MCAR10.C30" 0.813764157798304 0.858590056764813 1.25527975741132 1.19751921689119
3 "MAR.C10" 0.737245046325971 0.862570523574547 0.901315960240378 0.933792146011771
3 "MCAR10.C10" 0.800469486027706 0.869761213962356 0.912081223237297 0.952253766920121
3 "MAR.C30" 0.729148735552775 0.864662259550771 1.18069992304246 1.21199612054378
3 "MCAR10.C30" 0.708523131613612 0.864084957070217 1.18369166148546 1.23150603578335
4 "MAR.C10" 0.758137369637406 0.816864770018895 0.838375801736074 0.873470660304908
4 "MCAR10.C10" 0.728027264443846 0.8098988019488 0.829596906040361 0.854889179226312
4 "MAR.C30" 0.68078041538336 0.824518137235396 1.22647497276091 1.34858658181863
4 "MCAR10.C30" 0.705920138284622 0.831514230783553 1.22420844531489 1.4149229192433
5 "MAR.C10" 0.84902005863524 0.703031965670898 0.95326671114271 0.748631200801621
5 "MCAR10.C10" 0.847861131713037 0.697391263577843 0.954252344600535 0.745778127375263
5 "MAR.C30" 0.773497770631803 0.70816247916601 1.20138078576505 1.12568086496582
5 "MCAR10.C30" 0.806716598308899 0.700203277748058 1.20003698173761 1.44263800850891
6 "MAR.C10" 0.865363972205826 0.930483631610492 0.944721153182519 0.991136021934985
6 "MCAR10.C10" 0.864195234088993 0.928353118149132 0.942561688552706 0.987070646335547
6 "MAR.C30" 0.766569093299616 0.943437599119586 1.22594161907344 1.26123846291375
6 "MCAR10.C30" 0.751594361792771 0.946614349094154 1.22796606093182 1.52026031958194
7 "MAR.C10" 0.770484642669248 0.960155036678609 0.854030684405578 0.996569158759627
7 "MCAR10.C10" 0.773804828097036 0.953566381380195 0.851211139261366 0.986561399729258
7 "MAR.C30" 0.720827320326346 0.950576294121316 1.06490187258749 1.35953804595884
7 "MCAR10.C30" 0.700405448338695 0.96027052656391 1.05743123829829 1.60100309657744
8 "MAR.C10" 0.859126999932774 0.858104470956102 0.936245305452429 0.884424235878598
8 "MCAR10.C10" 0.877659048813288 0.853635727165799 0.935900504061636 0.878561323631724
8 "MAR.C30" 0.748721092551292 0.860581511855379 1.13808084848319 1.11466507975298
8 "MCAR10.C30" 0.749717931039206 0.85458906011366 1.14398850857635 1.09812996797701
9 "MAR.C10" 1.07244068873743 0.942983307403827 1.16416522465777 0.973167005965624
9 "MCAR10.C10" 1.0950777138125 0.943590037547876 1.16122895890437 0.964393098950554
9 "MAR.C30" 0.956492023072131 0.956324665307616 1.39267958941814 1.19170943337817
9 "MCAR10.C30" 0.932309135348103 0.959200937846342 1.39088004596533 1.20276856648821
10 "MAR.C10" 0.72488110329214 0.914711224695611 0.787180811237182 0.947694111105854
10 "MCAR10.C10" 0.735777793720955 0.911643008292237 0.793008390126975 0.957626167931421
10 "MAR.C30" 0.645149742948459 0.915753500203341 1.07260162131863 1.23433500135482
10 "MCAR10.C30" 0.668603502930246 0.915739247671745 1.06194106390541 1.88190720947316
11 "MAR.C10" 0.755063961088148 0.989204682627239 0.889133337032918 1.04074573911164
11 "MCAR10.C10" 0.768022201729002 0.981788529799019 0.891105639232919 1.03423029513449
11 "MAR.C30" 0.689411620789175 0.97942093988136 1.26075696051533 1.31217583789838
11 "MCAR10.C30" 0.707019072079243 0.980247196687234 1.27487593405745 1.31953302850105
12 "MAR.C10" 0.840214050431578 0.942246080858461 1.00044982022357 0.96508485031718
12 "MCAR10.C10" 0.849454310122163 0.938257333572299 0.99710418694412 0.955632854902408
12 "MAR.C30" 0.76759266747963 0.929616316026014 1.26865789682168 1.21393555639483
12 "MCAR10.C30" 0.802572266514962 0.929126132797401 1.27342481609126 1.22646459165555
13 "MAR.C10" 0.877747889112741 0.918970476915536 1.05440008627761 0.984550702908311
13 "MCAR10.C10" 0.905540841794412 0.917391622138213 1.05312722674718 0.977538884742384
13 "MAR.C30" 0.848584209031345 0.929684803805939 1.27931834872148 1.3457779497953
13 "MCAR10.C30" 0.860405201894154 0.92752197896662 1.27454317421137 1.40296465684332
14 "MAR.C10" 0.868536703442039 1.02235073135194 0.97057945970269 1.09308221345849
14 "MCAR10.C10" 0.865685096673316 1.02346044626423 0.960819611658386 1.09016720109893
14 "MAR.C30" 0.755643041154661 1.0227295158686 1.202278872981 1.32407244032795
14 "MCAR10.C30" 0.737775686906471 1.0248539152499 1.2083343530171 1.32713390614693
15 "MAR.C10" 0.845847033071268 0.921253927273312 0.931748180128273 0.970702728026525
15 "MCAR10.C10" 0.836987409012041 0.924746954140561 0.930831677438388 0.966249627577083
15 "MAR.C30" 0.7550558394345 0.931315600208398 1.20712737162777 1.26688519648581
15 "MCAR10.C30" 0.762309604301272 0.929778475753569 1.20536387706764 1.78554412395777
16 "MAR.C10" 0.820110682655216 0.938006552149097 0.942881580824696 0.979885788639023
16 "MCAR10.C10" 0.81457352823193 0.936322766032783 0.941645365495771 0.968668606967738
16 "MAR.C30" 0.742592322121937 0.936653975382923 1.14710637994768 1.20101282661334
16 "MCAR10.C30" 0.739337241575092 0.937036470591376 1.15272682695465 1.19381618439169
17 "MAR.C10" 0.790027328136121 0.873827034102692 0.935176436717613 0.932696496154327
17 "MCAR10.C10" 0.803587543229847 0.873562611939032 0.926280689581054 0.93287172459157
17 "MAR.C30" 0.744291757298083 0.877643650998023 1.37387272155944 1.24959295530068
17 "MCAR10.C30" 0.759581861060775 0.885358922585372 1.36743186503808 1.22612305088567
18 "MAR.C10" 0.769339736496348 0.853903036726267 0.895594158770529 0.894954254847704
18 "MCAR10.C10" 0.793999661209282 0.853355770035387 0.897317020072825 0.890987335772153
18 "MAR.C30" 0.729502721230432 0.86847189041978 1.18156297079438 1.23980517378702
18 "MCAR10.C30" 0.757142391139746 0.86437978275858 1.16885898841304 1.2453639499311
19 "MAR.C10" 0.705395919736286 0.987403313099823 0.805181388455276 1.03906846100881
19 "MCAR10.C10" 0.732728188105348 0.988734828709468 0.808448700483067 1.03181004488552
19 "MAR.C30" 0.683027891595028 0.994286414995731 1.02596596409191 1.27457108294011
19 "MCAR10.C30" 0.681558926230219 0.990609297213821 1.02431531815515 1.27968722354195
20 "MAR.C10" 0.84695897967972 0.829793183854589 0.905296438041847 0.901280456538095
20 "MCAR10.C10" 0.855027158290577 0.827016959749167 0.90461620164202 0.895730759844115
20 "MAR.C30" 0.78155929064438 0.833329918499634 1.20321160096434 1.37382863238316
20 "MCAR10.C30" 0.757126950519524 0.838228130808844 1.19888355183585 1.70193661043771
21 "MAR.C10" 0.721593518910012 0.902756972262864 0.805929450776057 0.945061626248774
21 "MCAR10.C10" 0.71591782274622 0.905762073408526 0.791624946550942 0.944207013917979
21 "MAR.C30" 0.639745183769594 0.9059134590541 1.05035881676422 1.23472593235156
21 "MCAR10.C30" 0.657529453911481 0.905045669758627 1.04786588021023 1.23801829099891
22 "MAR.C10" 0.880788797906993 0.957391407979095 1.00390595017428 1.00402751943489
22 "MCAR10.C10" 0.91711735064316 0.952828276927228 1.00603843885221 1.00053689635675
22 "MAR.C30" 0.830647967501012 0.970747281437831 1.26663257646791 1.26365236078652
22 "MCAR10.C30" 0.813825613205335 0.964031420465022 1.27148346760618 1.25495327069872
23 "MAR.C10" 0.911483358250881 0.900208640818936 0.996088865620771 0.951760603164358
23 "MCAR10.C10" 0.918583745078125 0.895850912883596 1.00299730556099 0.941547218886365
23 "MAR.C30" 0.797564639026632 0.901058525915438 1.22985475400918 1.24771661013659
23 "MCAR10.C30" 0.812615147203959 0.900022592692718 1.23154951979701 1.31017788135465
24 "MAR.C10" 0.780812052015274 0.912705199938085 0.858756152845019 0.962906947545863
24 "MCAR10.C10" 0.783959030025408 0.91448035083879 0.860972487178742 0.962754396226633
24 "MAR.C30" 0.762951637379772 0.941130972429434 1.18080633793298 1.36725618139187
24 "MCAR10.C30" 0.752423848079778 0.944717965743387 1.19422920274018 1.34726030391274
25 "MAR.C10" 0.713671906177066 0.770635883124373 0.835315363464324 0.788862202837156
25 "MCAR10.C10" 0.743226588456151 0.769113450244195 0.836246800960753 0.791379954113748
25 "MAR.C30" 0.663698542621669 0.771004939376135 1.08732935968581 0.955049496712017
25 "MCAR10.C30" 0.683015401637049 0.768056725624186 1.08926689116361 0.948942567619857
26 "MAR.C10" 0.985068066292068 0.828472394381012 1.08956185135402 0.872183974475708
26 "MCAR10.C10" 0.973310341915908 0.827193016592049 1.08743215741325 0.879985641678727
26 "MAR.C30" 0.852693880220375 0.835175801528144 1.44153327771831 1.21873913941445
26 "MCAR10.C30" 0.845821681120216 0.826817508382471 1.44910727536569 1.654878217522
27 "MAR.C10" 0.863377081747905 0.966442108612619 0.960872442891765 1.00303479518631
27 "MCAR10.C10" 0.85707624473727 0.962418085332195 0.95920029451662 1.00808426021023
27 "MAR.C30" 0.787779251592255 0.977964924129001 1.20185076532822 1.28837891759043
27 "MCAR10.C30" 0.769715264025177 0.979318011858972 1.19466285714723 1.99537698423332
28 "MAR.C10" 0.902819566741084 0.89778858967254 1.05703658957034 0.942182034211018
28 "MCAR10.C10" 0.906924473128686 0.901037072814971 1.06251168403989 0.952760922571248
28 "MAR.C30" 0.849902180861873 0.914474512480704 1.28166092490136 1.13490466570037
28 "MCAR10.C30" 0.819614192906351 0.906091377521868 1.25764300616462 1.14802271804687
29 "MAR.C10" 0.830450743207325 0.909317659246787 0.918428571406162 0.943199692800902
29 "MCAR10.C10" 0.82692222089922 0.908974163678765 0.909451734057029 0.931689584895804
29 "MAR.C30" 0.762127350093907 0.900585077322154 1.20220068570521 1.18397615039142
29 "MCAR10.C30" 0.788803774100123 0.907450122339052 1.1918456639403 1.17847564692895
30 "MAR.C10" 0.932485986018286 0.840313938716318 0.99898359844468 0.899441190020531
30 "MCAR10.C10" 0.936030434136427 0.84360072503496 0.998434033624886 0.897095085523577
30 "MAR.C30" 0.845774513531242 0.850197551827372 1.28666779949923 1.23268879116649
30 "MCAR10.C30" 0.857995421388464 0.848295049100312 1.28214870704698 1.23142121256222
31 "MAR.C10" 0.869368319719281 0.980677946703868 0.950044094251197 1.0275136838835
31 "MCAR10.C10" 0.887855926105795 0.982820428792153 0.950053828376184 1.02197780135625
31 "MAR.C30" 0.828571372738475 0.979074593083461 1.26074543869428 1.23001935051389
31 "MCAR10.C30" 0.811787744685962 0.980916308925255 1.27006979949909 1.22678122226756
32 "MAR.C10" 0.819359357790803 0.984065385146463 0.927864836138735 1.04801305930377
32 "MCAR10.C10" 0.780279460830724 0.978439213380644 0.929711690214994 1.03228248896799
32 "MAR.C30" 0.747885341062777 0.989835811158727 1.30003816106109 1.36563641570537
32 "MCAR10.C30" 0.740534552453041 0.986891243348746 1.28922571718997 1.35943493576603
33 "MAR.C10" 0.901889281016125 0.855388601506104 1.00830773353326 0.893325170687453
33 "MCAR10.C10" 0.9054064302639 0.85680812326811 1.0173861731549 0.892802894589901
33 "MAR.C30" 0.82362841195664 0.871200818198648 1.27888846191205 1.05432056986693
33 "MCAR10.C30" 0.844022003047587 0.875946978743752 1.28958430336023 1.0860024117257
34 "MAR.C10" 0.991055820448065 1.00790241857468 1.1072130547764 1.06952469061081
34 "MCAR10.C10" 1.00151094604871 1.01043735679115 1.10902335848746 1.0574014151355
34 "MAR.C30" 0.932352234223343 1.00979716784053 1.28559535255836 1.33169946557108
34 "MCAR10.C30" 0.910456390213126 1.00117853402323 1.26809317785117 1.29919446700237
35 "MAR.C10" 1.00092535955886 0.815784463126251 1.09794151300927 0.859005487243611
35 "MCAR10.C10" 0.965385134656442 0.812580991455018 1.09520871720401 0.852148760355029
35 "MAR.C30" 0.890073035678218 0.822394815103916 1.45824835551663 1.28794194621107
35 "MCAR10.C30" 0.903437230148284 0.825232188003726 1.47647182050486 1.09600157705005
36 "MAR.C10" 0.661113053154425 0.973586952140226 0.769927275815612 1.0080488844026
36 "MCAR10.C10" 0.685790555390416 0.966547770009668 0.769632941825213 1.0023550210349
36 "MAR.C30" 0.639011001100359 1.00889943012719 0.917443178893097 1.20509371878212
36 "MCAR10.C30" 0.662986241256024 1.01062228594206 0.912252853433719 1.22246892966929
37 "MAR.C10" 0.805995599959751 0.911624697612261 0.963317556066175 0.953712673608312
37 "MCAR10.C10" 0.827981033872241 0.902788020816573 0.958284419998807 0.950162055043419
37 "MAR.C30" 0.718563304131603 0.939718738674153 1.23424401500776 1.37147281254048
37 "MCAR10.C30" 0.716537635668216 0.935206101845883 1.23963750766583 1.3700427258337
38 "MAR.C10" 0.759830927813603 0.888378735374865 0.847386015968034 0.920085414519493
38 "MCAR10.C10" 0.765982271374047 0.889331362618608 0.848672715964443 0.926776813903983
38 "MAR.C30" 0.714012030613321 0.890150579608794 1.07514499858815 1.18794325832184
38 "MCAR10.C30" 0.7151351521222 0.890061032684003 1.07406184479078 1.19785625555205
39 "MAR.C10" 0.880866608395852 0.856862308592005 0.970104835619816 0.905480156448859
39 "MCAR10.C10" 0.880698449033361 0.854955978703477 0.972313353294024 0.90312622733204
39 "MAR.C30" 0.846714562029427 0.860318252519033 1.1826252142719 1.31584175033474
39 "MCAR10.C30" 0.829447797322296 0.856580987980554 1.19519760953824 1.32974710123555
40 "MAR.C10" 0.828957662991001 0.9610308598363 0.89264371818768 1.00264132311158
40 "MCAR10.C10" 0.816168850425947 0.950772007674777 0.899270246989864 1.0019760989789
40 "MAR.C30" 0.758435891713012 0.947751504246479 1.07835054542654 1.23315724029423
40 "MCAR10.C30" 0.768946233907183 0.956819711205093 1.08391851334519 1.23481730814654
41 "MAR.C10" 0.742684420094055 0.869009565429223 0.870240426338618 0.929282459579957
41 "MCAR10.C10" 0.740879959829681 0.868987667928542 0.866346414029826 0.924313328461676
41 "MAR.C30" 0.723293337918031 0.862765287652944 1.18328063213605 1.37381572747642
41 "MCAR10.C30" 0.730219141446728 0.87049207491532 1.1706142311065 1.38304763440934
42 "MAR.C10" 0.938875689463743 0.810104216464204 1.0578075246709 0.878413016050019
42 "MCAR10.C10" 0.959173013721201 0.810448473063841 1.05717087577699 0.884767365568506
42 "MAR.C30" 0.845185906757434 0.812611333852139 1.2952121640252 1.3036035135241
42 "MCAR10.C30" 0.863056617079621 0.812402342347267 1.30318978069847 1.3267764239273
43 "MAR.C10" 0.854524852236876 0.872998214500571 0.907914799557982 0.916157269385768
43 "MCAR10.C10" 0.837920746591491 0.863529612448405 0.909251270682517 0.89175568987801
43 "MAR.C30" 0.744479963983733 0.86881035337747 1.22996360641022 1.231130595198
43 "MCAR10.C30" 0.74326963585257 0.864553171339913 1.2242625983436 2.51785894377486
44 "MAR.C10" 0.881784514664095 1.01317812415722 0.983449552191701 1.05750360860684
44 "MCAR10.C10" 0.861442967564984 1.01908424931976 0.985429764784692 1.06230451545295
44 "MAR.C30" 0.798720268453349 1.02366087429435 1.16438290849304 1.31148602872853
44 "MCAR10.C30" 0.790758843526307 1.0237992182454 1.16091272144997 1.33490245178077
45 "MAR.C10" 0.770330988308184 0.938619177212427 0.851554795769644 0.975327573071109
45 "MCAR10.C10" 0.789145904935603 0.936589872397429 0.852885657507183 0.973904697143405
45 "MAR.C30" 0.725215273206689 0.937626498112701 1.18741404837627 1.29535944826425
45 "MCAR10.C30" 0.765474324730964 0.928922401599936 1.18141573445145 1.2710248736603
46 "MAR.C10" 0.861990804868396 0.927904005193562 1.00483909662779 0.954091658654581
46 "MCAR10.C10" 0.855725618620014 0.922373852035958 0.994806471816525 0.9519707272909
46 "MAR.C30" 0.838993308783473 0.917446321122147 1.30593464999776 1.11739121549517
46 "MCAR10.C30" 0.837258799133617 0.926031558595223 1.30533055707166 1.14226437334589
47 "MAR.C10" 0.748533873202616 0.812423523054039 0.888360456466437 0.861210726352659
47 "MCAR10.C10" 0.777209207991323 0.815664028364048 0.881779387865309 0.868808080725831
47 "MAR.C30" 0.672322753953849 0.831886219232467 1.29219645074803 1.24728577750393
47 "MCAR10.C30" 0.702406617149438 1.35430077085614 1.28315254047941 1.2506003488262
48 "MAR.C10" 0.775818472638444 0.996141486027856 0.858342557754035 1.03286795441207
48 "MCAR10.C10" 0.786729847982745 0.985353833401866 0.862208028314091 1.01999882184191
48 "MAR.C30" 0.737085601171045 1.00373218715368 1.01147019903657 1.35098933674735
48 "MCAR10.C30" 0.757758001094883 0.994366279137919 1.01810998612113 1.34390189396548
49 "MAR.C10" 0.8595775946418 0.732768691138513 1.02098572013835 0.793402514178102
49 "MCAR10.C10" 0.900573422030735 0.730937403847283 1.0221269605072 0.792246569985534
49 "MAR.C30" 0.857355062025109 0.731832683476608 1.26949795635211 1.34984338750348
49 "MCAR10.C30" 0.852612012087667 0.734403263610492 1.2416711754729 1.24076491327192
50 "MAR.C10" 0.937938645944842 0.950441757650648 1.07288840944487 0.991916452437214
50 "MCAR10.C10" 0.938390105631514 0.943581508594403 1.0813606952136 0.974654913326283
50 "MAR.C30" 0.8842004550271 0.95175935738485 1.37070770220611 1.37843632116628
50 "MCAR10.C30" 0.873863618476474 0.96007582153979 1.37226282052876 1.6388009127702
51 "MAR.C10" 0.737469832336619 0.823513369166012 0.827740639305936 0.871125697229355
51 "MCAR10.C10" 0.749317509568261 0.823921106206959 0.819414380634018 0.871019594235494
51 "MAR.C30" 0.663011969041028 0.826494784157113 1.04152030671215 1.19478342574158
51 "MCAR10.C30" 0.697593941691566 0.827569559722826 1.04402236216743 1.25428313748916
52 "MAR.C10" 0.845600138079376 0.864186556091622 0.96963762179144 0.897395796746715
52 "MCAR10.C10" 0.836573873188567 0.860997973763889 0.965941937336228 0.892587546905969
52 "MAR.C30" 0.833981720908504 0.862532769180003 1.14711897698137 1.28827325493736
52 "MCAR10.C30" 0.825061718197823 0.876601314526195 1.16024961407683 2.8221693420485
53 "MAR.C10" 0.880366639225346 0.873838096660068 0.986519679162051 0.928859480717048
53 "MCAR10.C10" 0.837754115464958 0.874144877714425 0.963523601971901 0.927180736363088
53 "MAR.C30" 0.770834917344678 0.887388872953659 1.22862599446371 1.29752747914472
53 "MCAR10.C30" 0.795085975045551 0.891817403574378 1.22600277521224 1.2409727957072
54 "MAR.C10" 0.814157764598067 0.921306728535639 0.88354600164322 0.951540222571583
54 "MCAR10.C10" 0.824847355609686 0.923792698672359 0.889794421392324 0.9553252675771
54 "MAR.C30" 0.769651353682761 0.926311609320685 1.13999301727607 1.1926770636791
54 "MCAR10.C30" 0.759116660921733 0.927203617331514 1.13805529345131 1.64342137897651
55 "MAR.C10" 0.858463555185121 0.858805192217129 0.964072015715758 0.937417678777628
55 "MCAR10.C10" 0.869521031543729 0.855974995039638 0.958266147371094 0.930410362998678
55 "MAR.C30" 0.777273163175823 0.864901606830838 1.19796592745816 1.21516990778419
55 "MCAR10.C30" 0.786440545766436 0.857033860477525 1.19462104128164 1.1497538778665
56 "MAR.C10" 0.78104329683306 0.856239551443012 0.871051758251025 0.887223021764268
56 "MCAR10.C10" 0.81504975776689 0.858943691499531 0.870916520112251 0.89045031998609
56 "MAR.C30" 0.720894512763251 0.856131486461567 1.26575012029123 1.17484194138335
56 "MCAR10.C30" 0.706591136482006 0.85075586349931 1.26000907789667 1.19865213141448
57 "MAR.C10" 1.04939613158969 0.952426609778533 1.13934786663477 0.982163005675668
57 "MCAR10.C10" 1.07064645392108 0.958781433811072 1.14510694426117 0.983069258914411
57 "MAR.C30" 0.926036015893587 0.966991906927681 1.37299945671737 1.19773016839074
57 "MCAR10.C30" 0.976993086346565 0.985015230670638 1.37638460272835 1.20225147341229
58 "MAR.C10" 0.863163191831319 0.899970128015664 0.96647434643568 0.922898264734455
58 "MCAR10.C10" 0.867302392917026 0.902904489022109 0.967997476214292 0.923401890271044
58 "MAR.C30" 0.781118937351705 0.909903549482135 1.24018043327708 1.1122095968459
58 "MCAR10.C30" 0.758914105405618 0.914402103319973 1.23633073056938 1.11227354699993
59 "MAR.C10" 0.849910833467323 0.942673733130752 0.951347535879048 0.9828253671662
59 "MCAR10.C10" 0.84717891291099 0.938242422616561 0.954585684085428 0.9884312874998
59 "MAR.C30" 0.756240202855071 0.942484069998251 1.17158703362373 1.20047445013911
59 "MCAR10.C30" 0.767384090507615 0.941445159954975 1.16720354234533 1.21308454603608
60 "MAR.C10" 0.88161408789583 0.861336421372238 0.97748767591388 0.900753267962656
60 "MCAR10.C10" 0.881543501655672 0.855518909255922 0.977336739551215 0.884433058863281
60 "MAR.C30" 0.812186360732279 0.854677415987396 1.17430309985705 1.15639440026212
60 "MCAR10.C30" 0.819626139559204 0.854412620470699 1.17349246548388 1.35154127085846
61 "MAR.C10" 0.741883227756222 0.886896632181619 0.879490179544172 0.931860732944236
61 "MCAR10.C10" 0.748794884729781 0.889200323244439 0.876540423797601 0.930278659048794
61 "MAR.C30" 0.706052422040957 0.895411227656903 1.19465432678586 1.21256543654559
61 "MCAR10.C30" 0.708897497465552 0.89727349508869 1.205923450243 1.19356538787828
62 "MAR.C10" 0.735562821754295 0.888222932887508 0.814790041356973 0.957478185152494
62 "MCAR10.C10" 0.735646762735674 0.89675603381816 0.824250839648754 0.963412810439713
62 "MAR.C30" 0.739049038092491 0.89784111130884 1.0909009462642 1.3213015193638
62 "MCAR10.C30" 0.724518247678363 0.895772803644868 1.10258027306748 1.28783993741372
63 "MAR.C10" 0.764415165259776 0.833904019831819 0.846826280082908 0.881390105882426
63 "MCAR10.C10" 0.766568305921067 0.830341153158856 0.854037207287562 0.873229340714283
63 "MAR.C30" 0.690502991082664 0.851440692326929 1.18889887609283 1.18944943366764
63 "MCAR10.C30" 0.699598230924382 0.840688378458769 1.18737127724925 1.09519812735276
64 "MAR.C10" 0.783607083557094 0.873684202974246 0.86994856055629 0.927370202677706
64 "MCAR10.C10" 0.820747670634429 0.867710979870805 0.864398988024329 0.911448732532275
64 "MAR.C30" 0.732890036237616 0.873788799828726 1.16948900240435 1.29059665798256
64 "MCAR10.C30" 0.729601838917761 0.871048127110502 1.17069102693501 1.26650763863853
65 "MAR.C10" 0.814670302225638 0.989203330635939 0.911074494708365 1.03504202880449
65 "MCAR10.C10" 0.809349073152339 0.982950909013507 0.909352809570745 1.02383477381808
65 "MAR.C30" 0.731189371914734 0.993488653863663 1.2113459121838 1.33351391156103
65 "MCAR10.C30" 0.729629771083983 0.986788788069168 1.21658768112487 1.31512372153343
66 "MAR.C10" 0.914532298908308 0.860695653054789 1.07190951372924 0.910211115890872
66 "MCAR10.C10" 0.929550681349783 0.854978891792487 1.06118782846725 0.902438821174521
66 "MAR.C30" 0.827527841585689 0.868410660255066 1.34891165503912 1.28185718868638
66 "MCAR10.C30" 0.856654758167699 0.867489823374772 1.33391407073387 1.27848384416861
67 "MAR.C10" 0.870605701719396 0.998871728580506 1.01016264907908 1.05359913871243
67 "MCAR10.C10" 0.915148761732674 1.00117391534787 1.01679858360562 1.04536519050456
67 "MAR.C30" 0.864586895390613 0.999739246996891 1.23907548434524 1.38842334894252
67 "MCAR10.C30" 0.849367837577796 1.00250854669178 1.24760720897219 1.39853070396089
68 "MAR.C10" 0.771333547007005 0.905171771389006 0.879752320579562 0.921310480717003
68 "MCAR10.C10" 0.799069632933379 0.904036453718083 0.88434250060657 0.925509584193929
68 "MAR.C30" 0.713790607432419 0.894909385980661 1.17698207702657 1.13848662112398
68 "MCAR10.C30" 0.705975409258637 0.896136587408388 1.17658203992521 1.12611308960397
69 "MAR.C10" 0.887013004974248 0.951160846925152 0.995046701722949 0.988707244612528
69 "MCAR10.C10" 0.894130958261439 0.952411554226248 0.990728021170624 0.985515405185546
69 "MAR.C30" 0.788795102512264 0.958252619032465 1.23065991779667 1.38281187026116
69 "MCAR10.C30" 0.803549258310714 0.968805897063819 1.22599080095043 2.09945092500518
70 "MAR.C10" 0.810316184634606 1.04523887831545 0.926015436267689 1.08338064679785
70 "MCAR10.C10" 0.829648353900073 1.04700696244629 0.923412777159948 1.08338747940917
70 "MAR.C30" 0.763075581348239 1.05368169704285 1.24024540616751 1.23309384680112
70 "MCAR10.C30" 0.795505708073445 1.04744294095407 1.23089624037915 1.84843956146124
71 "MAR.C10" 0.815491340890346 0.863456923056931 0.91413807900718 0.912374739694066
71 "MCAR10.C10" 0.819174345628114 0.864392234079083 0.91373952271497 0.910754576835502
71 "MAR.C30" 0.709328811288097 0.859944377761067 1.14064784232679 1.18432030257696
71 "MCAR10.C30" 0.744584093604795 0.855687353048218 1.15158638772135 1.17751955589046
72 "MAR.C10" 0.87641801215515 0.943497169100236 0.918788189060118 1.00435837989056
72 "MCAR10.C10" 0.869976397938474 0.950018493780197 0.914982353154618 1.00295522094904
72 "MAR.C30" 0.789442857427813 0.956184215242404 1.06036554996446 1.30529156274049
72 "MCAR10.C30" 0.795714742363843 0.952190525807532 1.06982498001101 1.92293538759245
73 "MAR.C10" 0.849288532851347 0.966424976396763 0.966234069440382 1.00716068000021
73 "MCAR10.C10" 0.860501421680691 0.973103763843038 0.972426984760998 1.01669415972948
73 "MAR.C30" 0.781762328760204 0.966024777666803 1.27759870139741 1.3404223832027
73 "MCAR10.C30" 0.780270685489125 0.967829627242973 1.28136330178679 1.24700472675159
74 "MAR.C10" 0.84718099526263 0.95009230904132 0.965744387667728 0.996463660068529
74 "MCAR10.C10" 0.832307527630098 0.945654742480898 0.966739346540951 0.980823044565762
74 "MAR.C30" 0.795194123989874 0.948197996077858 1.29790607162745 1.38524882295957
74 "MCAR10.C30" 0.776624009182549 0.951154717236532 1.28719920246239 1.451115872777
75 "MAR.C10" 0.776328765391392 0.873022266885981 0.853709861013343 0.924750830191474
75 "MCAR10.C10" 0.75288293966709 0.877231848026378 0.854116630114542 0.928751857812069
75 "MAR.C30" 0.723189021009749 0.871703466324139 1.1308545932073 1.22445067644559
75 "MCAR10.C30" 0.707295375059358 0.868636580279059 1.13080848544648 1.16354241241728
76 "MAR.C10" 0.935376243875677 1.03478682455366 0.978898778471532 1.07763328615707
76 "MCAR10.C10" 0.942912264750172 1.03313896877221 0.974459529340691 1.07920075540823
76 "MAR.C30" 0.775817000108544 1.03287673413036 1.30948936037841 1.38397818565777
76 "MCAR10.C30" 0.785270723693 1.02600668092457 1.30437992026266 1.36477870629354
77 "MAR.C10" 0.910518146815946 0.908823560107426 1.00235768683642 0.961789246646375
77 "MCAR10.C10" 0.89337440996578 0.90896740487621 0.990641548623519 0.956521581163086
77 "MAR.C30" 0.807258786858567 0.913084818228348 1.29741932498639 1.18146922223527
77 "MCAR10.C30" 0.812287581070509 0.916717562855259 1.29593313358398 1.4184606787278
78 "MAR.C10" 0.867290521673058 0.921715264399869 0.954196295296912 0.976747667740446
78 "MCAR10.C10" 0.83872451711973 0.913704153521145 0.947720552146665 0.952276807580957
78 "MAR.C30" 0.746495566221579 0.926223164902829 1.18402011912365 1.23868365410929
78 "MCAR10.C30" 0.756718508164177 0.925656332340241 1.17213785659036 1.48095904323167
79 "MAR.C10" 0.76748836419156 0.852898166599 0.892740518277527 0.896044085085041
79 "MCAR10.C10" 0.753675997534748 0.848036606184981 0.882820874586098 0.88987852435358
79 "MAR.C30" 0.681772794311971 0.860676446917442 1.07835814114032 1.38378646244448
79 "MCAR10.C30" 0.693858019290696 0.851056621591168 1.08077841989166 1.25936790944135
80 "MAR.C10" 0.997104229810523 0.993935870190881 1.18324743276316 1.05188794157863
80 "MCAR10.C10" 1.03905434057844 0.994526074155289 1.17668904871638 1.06349297401235
80 "MAR.C30" 0.954552294714765 1.03416462217515 1.38541618459091 1.34743222847165
80 "MCAR10.C30" 0.954061840207177 1.001106481334 1.39051063615308 1.3263832622099
81 "MAR.C10" 0.844543344346802 0.889776083724525 0.945364322635856 0.924465043725555
81 "MCAR10.C10" 0.83142176355265 0.892111621461274 0.940856459259166 0.932566489767131
81 "MAR.C30" 0.757266745815279 0.893027499030262 1.26634924047821 1.19293492474851
81 "MCAR10.C30" 0.779374936548602 0.896920667014679 1.26621799990716 1.20617499269474
82 "MAR.C10" 0.823037454958337 0.865911544861709 0.900377885948782 0.8974423750369
82 "MCAR10.C10" 0.822065384542166 0.862153878626117 0.907392891276435 0.888496924778194
82 "MAR.C30" 0.693507066534088 0.875498124327862 1.18732402588195 1.06826593863883
82 "MCAR10.C30" 0.714781482699196 0.874053773186751 1.19105167771942 1.07070909418752
83 "MAR.C10" 0.835613012316431 0.937260739961757 0.951159463096878 0.980807054668883
83 "MCAR10.C10" 0.819306088738861 0.938966762195544 0.943451385910073 0.977890956834759
83 "MAR.C30" 0.723970267289427 0.94051674988164 1.23065376261202 1.21638572074457
83 "MCAR10.C30" 0.720888028440898 0.937573959600777 1.21115291072839 1.20816647751647
84 "MAR.C10" 0.889774647354578 1.02204511420641 0.954730009804284 1.05805483252714
84 "MCAR10.C10" 0.850755236695903 1.0156053914551 0.946472431184138 1.03604930954738
84 "MAR.C30" 0.811643064115952 1.02962591127459 1.30186907472391 1.33080404848226
84 "MCAR10.C30" 0.806961256712487 1.03182609024894 1.30792875049875 1.32891684336927
85 "MAR.C10" 0.82747235837732 0.862915321525351 1.00678146145544 0.892362238242647
85 "MCAR10.C10" 0.828356045765273 0.863730409043322 1.00890201939045 0.895765131169695
85 "MAR.C30" 0.805316190350513 0.856967258619923 1.38666975202266 1.19743898832307
85 "MCAR10.C30" 0.810484752624274 0.858590056764813 1.39032806763982 1.19751921689119
86 "MAR.C10" 0.754975914893468 0.862570523574547 0.838343826736187 0.933792146011771
86 "MCAR10.C10" 0.774072893265041 0.869761213962356 0.841035047539162 0.952253766920121
86 "MAR.C30" 0.652894552959233 0.864662259550771 1.10454313488221 1.21199612054378
86 "MCAR10.C30" 0.68237936982774 0.864084957070217 1.1081108651781 1.23150603578335
87 "MAR.C10" 0.812396506187324 0.816864770018895 0.864389747888861 0.873470660304908
87 "MCAR10.C10" 0.786363487782302 0.8098988019488 0.865652429960726 0.854889179226312
87 "MAR.C30" 0.700893865600501 0.824518137235396 1.1297659330635 1.34858658181863
87 "MCAR10.C30" 0.680531169102887 0.831514230783553 1.12985873944526 1.4149229192433
88 "MAR.C10" 0.827472425033045 0.703031965670898 0.901598590779983 0.748631200801621
88 "MCAR10.C10" 0.815706448640772 0.697391263577843 0.900834469038089 0.745778127375263
88 "MAR.C30" 0.766619653486634 0.70816247916601 1.11925387789535 1.12568086496582
88 "MCAR10.C30" 0.79059882365744 0.700203277748058 1.11210571464324 1.44263800850891
89 "MAR.C10" 0.743012321907343 0.930483631610492 0.886217598652602 0.991136021934985
89 "MCAR10.C10" 0.775561431941845 0.928353118149132 0.882583208327261 0.987070646335547
89 "MAR.C30" 0.664351978867134 0.943437599119586 1.20042520685484 1.26123846291375
89 "MCAR10.C30" 0.679860644569782 0.946614349094154 1.20777372587727 1.52026031958194
90 "MAR.C10" 0.807486810813094 0.960155036678609 0.924586977541377 0.996569158759627
90 "MCAR10.C10" 0.781368149913559 0.953566381380195 0.92156102958919 0.986561399729258
90 "MAR.C30" 0.744838066392116 0.950576294121316 1.14527630729766 1.35953804595884
90 "MCAR10.C30" 0.753048175211439 0.96027052656391 1.15318008196051 1.60100309657744
91 "MAR.C10" 0.889403652460024 0.858104470956102 0.99567329232119 0.884424235878598
91 "MCAR10.C10" 0.874071796671844 0.853635727165799 0.996014005386417 0.878561323631724
91 "MAR.C30" 0.822237403819704 0.860581511855379 1.35641954468753 1.11466507975298
91 "MCAR10.C30" 0.810251995763297 0.85458906011366 1.362488224303 1.09812996797701
92 "MAR.C10" 0.767515454048788 0.942983307403827 0.901641025539544 0.973167005965624
92 "MCAR10.C10" 0.772617905258475 0.943590037547876 0.900407104848095 0.964393098950554
92 "MAR.C30" 0.726967144717847 0.956324665307616 1.10843741233182 1.19170943337817
92 "MCAR10.C30" 0.708497598717819 0.959200937846342 1.10914289622738 1.20276856648821
93 "MAR.C10" 0.812019819250583 0.914711224695611 0.849823703229761 0.947694111105854
93 "MCAR10.C10" 0.817463835599566 0.911643008292237 0.854956399365497 0.957626167931421
93 "MAR.C30" 0.698070510696685 0.915753500203341 1.10970793038982 1.23433500135482
93 "MCAR10.C30" 0.697525257530957 0.915739247671745 1.10142776155738 1.88190720947316
94 "MAR.C10" 0.833334943883599 0.989204682627239 0.93298428272691 1.04074573911164
94 "MCAR10.C10" 0.840573763490817 0.981788529799019 0.933632397398528 1.03423029513449
94 "MAR.C30" 0.768420209351497 0.97942093988136 1.13844303398885 1.31217583789838
94 "MCAR10.C30" 0.794055532186866 0.980247196687234 1.14170102893763 1.31953302850105
95 "MAR.C10" 0.819709436614434 0.942246080858461 0.948957866334014 0.96508485031718
95 "MCAR10.C10" 0.816918892543928 0.938257333572299 0.948094527743692 0.955632854902408
95 "MAR.C30" 0.716947429566292 0.929616316026014 1.35059359377043 1.21393555639483
95 "MCAR10.C30" 0.733683551579097 0.929126132797401 1.35290375103604 1.22646459165555
96 "MAR.C10" 0.907382970265251 0.918970476915536 1.00911566347703 0.984550702908311
96 "MCAR10.C10" 0.91031248063255 0.917391622138213 1.01587657363922 0.977538884742384
96 "MAR.C30" 0.852820715832893 0.929684803805939 1.31916348065567 1.3457779497953
96 "MCAR10.C30" 0.818884577031413 0.92752197896662 1.33123387871679 1.40296465684332
97 "MAR.C10" 0.827925533736802 1.02235073135194 0.886579039169018 1.09308221345849
97 "MCAR10.C10" 0.831357172387085 1.02346044626423 0.888855719957846 1.09016720109893
97 "MAR.C30" 0.757413073202006 1.0227295158686 1.04555221315752 1.32407244032795
97 "MCAR10.C30" 0.740708518958925 1.0248539152499 1.05080180085533 1.32713390614693
98 "MAR.C10" 0.845391272392251 0.921253927273312 0.966930116960445 0.970702728026525
98 "MCAR10.C10" 0.867149876763907 0.924746954140561 0.966577839440341 0.966249627577083
98 "MAR.C30" 0.748558715741924 0.931315600208398 1.26743900209803 1.26688519648581
98 "MCAR10.C30" 0.746574405844761 0.929778475753569 1.26662566613069 1.78554412395777
99 "MAR.C10" 0.944007372785108 0.938006552149097 1.08954000365415 0.979885788639023
99 "MCAR10.C10" 0.965760224426521 0.936322766032783 1.08850228876746 0.968668606967738
99 "MAR.C30" 0.900662961983683 0.936653975382923 1.39394437888833 1.20101282661334
99 "MCAR10.C30" 0.903710599345358 0.937036470591376 1.37428746155883 1.19381618439169
100 "MAR.C10" 0.696344527774141 0.873827034102692 0.815786442350652 0.932696496154327
100 "MCAR10.C10" 0.713763549276409 0.873562611939032 0.819177781503556 0.93287172459157
100 "MAR.C30" 0.667430266606567 0.877643650998023 1.17366184797276 1.24959295530068
100 "MCAR10.C30" 0.662933544345845 0.885358922585372 1.17134102937344 1.22612305088567
70 "MAR.C50" 0.696057612614246 0.874573988378587 1.57677871380511 2.5578892792477
70 "MCAR10.C50" 0.719172886887326 0.881980696585018 1.57787108988531 2.38377733283076
71 "MAR.C50" 0.809465474899849 1.02573341458987 1.76439695115634 2.39589718301466
71 "MCAR10.C50" 0.810529101639868 1.01653914456524 1.75545426720506 2.35305382032343
72 "MAR.C50" 0.741950680233585 0.969668119206734 1.84874634287523 2.65119509563644
72 "MCAR10.C50" 0.75421296580223 0.968056234868695 1.8482426793951 2.57671776503958
73 "MAR.C50" 0.809156814214824 1.04990893373621 1.77656685852596 2.09776149784879
73 "MCAR10.C50" 0.801159977014989 1.03341901158829 1.7810776746707 2.25277089190644
74 "MAR.C50" 0.677317144574932 0.858507807350473 1.39686107739785 1.97572989991733
74 "MCAR10.C50" 0.684891276705995 0.855570586421042 1.39317159897235 1.70487582942166
75 "MAR.C50" 0.832381191913886 0.959704531820232 1.619786625933 1.99329123754924
75 "MCAR10.C50" 0.779271108542282 0.954192806631834 1.60646259408903 2.03619923290064
76 "MAR.C50" 0.719840777540873 0.950527883191674 1.51789697999668 2.01284561656656
76 "MCAR10.C50" 0.718832125598765 0.942817935011499 1.52071300677102 2.09204962563976
77 "MAR.C50" 0.688935880487073 0.885337197420895 1.5850696952486 2.18357975604125
77 "MCAR10.C50" 0.677443823200628 0.881561282350822 1.5788774771984 2.31555719611944
78 "MAR.C50" 0.671418817438459 0.806281839622828 1.55512971909384 2.38319158577219
78 "MCAR10.C50" 0.680605863782691 0.82046905029807 1.55789219044295 2.21896263833572
79 "MAR.C50" 0.715658952222725 0.875038002647486 1.6996773934864 2.47634175349875
79 "MCAR10.C50" 0.716677060508516 0.872560528960113 1.70806537856053 2.39465676838726
80 "MAR.C50" 0.714258074064738 0.890659320545888 1.36011959351285 1.83881483661496
80 "MCAR10.C50" 0.724810419598813 0.8811974175673 1.35601154913875 1.84095167153886
81 "MAR.C50" 0.731969002420906 0.940150131258089 1.99725701318231 2.71539136745759
81 "MCAR10.C50" 0.754365724947308 0.959343415015964 2.01179104600609 2.77244716119438
82 "MAR.C50" 0.718041489258175 0.841934576675723 1.60878354584782 1.95777915662596
82 "MCAR10.C50" 0.720886588646499 0.847171697115333 1.60466285463299 1.9911634775871
83 "MAR.C50" 0.668835712144461 0.920519633760095 1.39003208019761 1.75650881584361
83 "MCAR10.C50" 0.694541514644156 0.941554226119953 1.39555885289577 1.72361865210366
84 "MAR.C50" 0.698206006099258 0.876392066574171 1.57058498683097 1.9880360372411
84 "MCAR10.C50" 0.712766528346661 0.885327204977169 1.56758664940071 2.01106066095938
85 "MAR.C50" 0.715156295777647 0.894856209926088 1.69679610911041 2.24469770808178
85 "MCAR10.C50" 0.697441956044408 0.897385833499152 1.69346435099837 2.33626378902571
86 "MAR.C50" 0.785655252045643 1.00548421943113 1.72709954678579 2.50447487020043
86 "MCAR10.C50" 0.768841602169141 1.81211141017208 1.71703865789216 2.30272314318866
87 "MAR.C50" 0.71512862942717 0.88139369269645 1.56105947946568 2.24813262980284
87 "MCAR10.C50" 0.708623291297954 0.869953113711434 1.55811208015655 2.12494975872762
88 "MAR.C50" 0.696434990020323 0.909644311464299 1.52666914105827 1.9882529016102
88 "MCAR10.C50" 0.698954095077965 0.918441685964055 1.52505000065337 2.05520856199416
89 "MAR.C50" 0.696057612614246 0.874573988378587 1.57677871380511 2.5578892792477
89 "MCAR10.C50" 0.719172886887326 0.881980696585018 1.57787108988531 2.38377733283076
90 "MAR.C50" 0.809465474899849 1.02573341458987 1.76439695115634 2.39589718301466
90 "MCAR10.C50" 0.810529101639868 1.01653914456524 1.75545426720506 2.35305382032343
91 "MAR.C50" 0.741950680233585 0.969668119206734 1.84874634287523 2.65119509563644
91 "MCAR10.C50" 0.75421296580223 0.968056234868695 1.8482426793951 2.57671776503958
92 "MAR.C50" 0.809156814214824 1.04990893373621 1.77656685852596 2.09776149784879
92 "MCAR10.C50" 0.801159977014989 1.03341901158829 1.7810776746707 2.25277089190644
93 "MAR.C50" 0.677317144574932 0.858507807350473 1.39686107739785 1.97572989991733
93 "MCAR10.C50" 0.684891276705995 0.855570586421042 1.39317159897235 1.70487582942166
94 "MAR.C50" 0.832381191913886 0.959704531820232 1.619786625933 1.99329123754924
94 "MCAR10.C50" 0.779271108542282 0.954192806631834 1.60646259408903 2.03619923290064
95 "MAR.C50" 0.719840777540873 0.950527883191674 1.51789697999668 2.01284561656656
95 "MCAR10.C50" 0.718832125598765 0.942817935011499 1.52071300677102 2.09204962563976
96 "MAR.C50" 0.688935880487073 0.885337197420895 1.5850696952486 2.18357975604125
96 "MCAR10.C50" 0.677443823200628 0.881561282350822 1.5788774771984 2.31555719611944
97 "MAR.C50" 0.671418817438459 0.806281839622828 1.55512971909384 2.38319158577219
97 "MCAR10.C50" 0.680605863782691 0.82046905029807 1.55789219044295 2.21896263833572
98 "MAR.C50" 0.715658952222725 0.875038002647486 1.6996773934864 2.47634175349875
98 "MCAR10.C50" 0.716677060508516 0.872560528960113 1.70806537856053 2.39465676838726
99 "MAR.C50" 0.714258074064738 0.890659320545888 1.36011959351285 1.83881483661496
99 "MCAR10.C50" 0.724810419598813 0.8811974175673 1.35601154913875 1.84095167153886
100 "MAR.C50" 0.731969002420906 0.940150131258089 1.99725701318231 2.71539136745759
100 "MCAR10.C50" 0.754365724947308 0.959343415015964 2.01179104600609 2.77244716119438
21 "MAR.C50" 0.756962828589921 0.991281015881837 1.83939042354635 2.4026567887385
21 "MCAR10.C50" 0.780410894913981 1.00222021858714 1.84224693816492 2.42219214483497
22 "MAR.C50" 0.66271903474476 0.798987882137934 1.4944862452705 2.34204514656652
22 "MCAR10.C50" 0.668459212963073 0.799546876818087 1.49973800482599 2.32831771749416
23 "MAR.C50" 0.733296213481696 0.996378904448448 1.57407259196176 2.4711517643431
23 "MCAR10.C50" 0.76118889251803 1.00559797652805 1.55453527264457 2.53320942736989
24 "MAR.C50" 0.792816671710326 1.00703320305099 1.74894829928468 2.32501095846031
24 "MCAR10.C50" 0.837177683714567 1.02934637625258 1.76039162411678 2.52337116784662
25 "MAR.C50" 0.68190189686681 0.847195670794177 1.61872424345587 1.97700784025712
25 "MCAR10.C50" 0.685424269550093 0.847372914030741 1.62387715133388 1.86319820008927
26 "MAR.C50" 0.659824797970184 0.830030895981105 1.45958056549425 2.2133649743493
26 "MCAR10.C50" 0.680095256516756 0.827794380158206 1.46091225519234 2.107875723374
27 "MAR.C50" 0.743690756307521 0.968938088947745 1.90934242345312 2.3186402296489
27 "MCAR10.C50" 0.748466868116022 0.961936960662565 1.91818605396222 2.11362035375089
28 "MAR.C50" 0.79415083748325 1.06625818252875 1.84130445987261 2.64424041216605
28 "MCAR10.C50" 0.807087350218602 1.06164565625219 1.82186824943795 2.67074282707061
29 "MAR.C50" 0.796314973062721 0.965517474388063 1.6029195504909 1.9470459250602
29 "MCAR10.C50" 0.80883405069468 0.962144389862643 1.60440968229971 1.89192998999921
30 "MAR.C50" 0.767268548635267 3.14084788743032 1.73649047287939 1.8412122511354
30 "MCAR10.C50" 0.782580243717496 0.97853668652279 1.73874347236748 2.13160203880963
31 "MAR.C50" 0.72727564141176 0.904126088261513 1.84775963583923 2.81053477111661
31 "MCAR10.C50" 0.734466348963596 0.904345461341886 1.84274715914812 2.66658512137226
32 "MAR.C50" 0.909633702273784 1.07510461455114 1.66141212154011 2.63032493256884
32 "MCAR10.C50" 0.93164898883149 1.0614541664599 1.67077669194015 2.56822279493068
33 "MAR.C50" 0.761222697540934 2.20652269056862 1.74386143171321 2.22355157079402
33 "MCAR10.C50" 0.785209906507591 3.09575671870864 1.73821406259665 2.37752640764604
34 "MAR.C50" 0.743712427250926 0.972806446152899 1.73366840205617 2.62630720331988
34 "MCAR10.C50" 0.782688863198379 0.949733724816961 1.73531948041825 2.53756522676376
35 "MAR.C50" 0.808808672297112 1.88158876744342 1.66781278907228 2.56301650826002
35 "MCAR10.C50" 0.834439602465043 0.995133749605762 1.66248037379526 2.38028938178871
36 "MAR.C50" 0.740203863979309 0.918501606056657 1.52277722822148 2.3292773896622
36 "MCAR10.C50" 0.734432387848874 0.905183840175167 1.51310575940708 2.29016242031188
37 "MAR.C50" 0.762418630896107 1.41835475613872 1.87555526830487 2.67360311355222
37 "MCAR10.C50" 0.756533232082489 0.940844439960003 1.87654461582445 2.43892731144597
38 "MAR.C50" 0.709684003235245 0.927164502680336 1.69554552304761 2.39306191286386
38 "MCAR10.C50" 0.706786813143101 0.93503598490342 1.69903859017718 2.72760628575978
39 "MAR.C50" 0.69922997386303 0.845779583976386 1.54119618605715 2.34169063066899
39 "MCAR10.C50" 0.725920714661689 0.845922359564767 1.53884174880617 1.90423686668016
40 "MAR.C50" 0.720063562675387 0.912407746449365 1.63223354038493 2.65672876728021
40 "MCAR10.C50" 0.734757395468694 0.931736224356296 1.63519157401547 2.65826539373638
41 "MAR.C50" 0.767723754929021 0.922264413704044 1.5756536581322 2.03709220630219
41 "MCAR10.C50" 0.773400517644627 0.929116268297921 1.57564599583942 2.18824953331249
42 "MAR.C50" 0.871786374866545 1.15931349294267 2.00744322869523 2.34219508317398
42 "MCAR10.C50" 0.875329765902488 1.15589504030429 2.00873043474278 2.37804266372787
43 "MAR.C50" 0.817757534416979 1.00317870604338 1.81236229816965 2.5301031468438
43 "MCAR10.C50" 0.802172648598358 1.31911132511743 1.80824059226028 2.53700670745777
44 "MAR.C50" 0.600037028832411 0.754061317934397 1.53680187132186 2.15167260975252
44 "MCAR10.C50" 0.611195529672354 0.747678755878933 1.53421656559657 2.08902467895424
45 "MAR.C50" 0.735680225169186 0.884646582108026 1.69749287007778 2.47616731482324
45 "MCAR10.C50" 0.749537536436287 0.879345801686361 1.6945158437104 2.44201177369785
46 "MAR.C50" 0.773463657949934 1.01709543975586 1.70768454510445 2.27791146306923
46 "MCAR10.C50" 0.82317675708827 1.00414164767878 1.70230780640595 2.14403690515476
47 "MAR.C50" 0.75996664333852 0.919068513378967 1.64115822227765 2.3112823541146
47 "MCAR10.C50" 0.751241435712406 0.913884225880348 1.63609753572793 2.22609099625481
48 "MAR.C50" 0.716927913814685 1.18422734335413 1.42439082078599 1.79040392407056
48 "MCAR10.C50" 0.713213936650223 0.890468287558565 1.41363387461917 1.92192240162379
49 "MAR.C50" 0.777972630878076 1.06302024703066 1.78522736198613 2.46840463328226
49 "MCAR10.C50" 0.81516668500114 1.12423429008184 1.77670726121875 2.56230691656915
50 "MAR.C50" 0.685525272884406 1.97531758996429 1.69952853220113 2.40704683677709
50 "MCAR10.C50" 0.709759559997906 0.925983697445358 1.69511852350174 2.47612910920209
51 "MAR.C50" 0.668840825251137 1.31653822422382 1.55006971796017 2.33219933998932
51 "MCAR10.C50" 0.695386914724664 0.90395604516652 1.55508303266424 2.34296109958492
52 "MAR.C50" 0.883278698556173 4.1609774959219 1.61922033202317 2.13702433227697
52 "MCAR10.C50" 0.893575779240064 1.05547076118771 1.62158728911114 2.20260921772838
53 "MAR.C50" 0.702223126737372 0.905553125826705 1.75750347207673 2.62229424081745
53 "MCAR10.C50" 0.683748540068926 0.906918160163653 1.75886706677912 2.34112370728875
54 "MAR.C50" 0.781074252197375 1.0349263447248 1.69578847754223 2.23030311898323
54 "MCAR10.C50" 0.816009109544801 1.07292487349233 1.70671815612122 2.25906370252013
55 "MAR.C50" 0.815036246004821 1.10652323415001 1.95083213006008 2.55535074833947
55 "MCAR10.C50" 0.838918910616327 1.06878552142506 1.96485842282405 2.22552304696351
56 "MAR.C50" 0.825643945943873 0.987731626117689 1.63145946251671 1.96171350778697
56 "MCAR10.C50" 0.849739110262694 1.03492448030755 1.62680692389027 2.11518540654238
57 "MAR.C50" 0.863054275069799 1.07295521925164 2.13015194826972 3.00648353322637
57 "MCAR10.C50" 0.866669497856652 1.07839856821362 2.13630323735243 3.00308600824342
58 "MAR.C50" 0.696851643658094 0.846911064506784 1.52297083940336 2.06149468917632
58 "MCAR10.C50" 0.698580331065875 0.846753060282905 1.52470066635464 2.05782025394334
59 "MAR.C50" 0.807746511211641 1.04272839646384 1.77196963502813 2.24152173248029
59 "MCAR10.C50" 0.832134419436192 1.06195621156919 1.78388179056828 2.40935439482397
60 "MAR.C50" 0.774009930058317 1.0011995997838 1.8264602383507 2.43033042499216
60 "MCAR10.C50" 0.792229728831231 0.994423431612763 1.81981808003614 2.82841707918096
61 "MAR.C50" 0.748668977187074 5.18830147473723 1.40074170577636 1.92571852148643
61 "MCAR10.C50" 0.787424169284705 0.936872156131728 1.39525419260993 1.77837342580265
62 "MAR.C50" 0.738286921923467 0.930562313889009 1.87806014915414 2.39106092128531
62 "MCAR10.C50" 0.794303626446365 0.939681409179115 1.88580390060003 2.71385655112942
63 "MAR.C50" 0.778413802518261 0.922125583266712 1.69241092841884 2.30821657254248
63 "MCAR10.C50" 0.751944394390314 0.910138630302043 1.68965076026517 2.3655875610314
64 "MAR.C50" 0.760488590876416 0.962915342017892 1.95377912119316 2.72199232375497
64 "MCAR10.C50" 0.776067038275388 0.969179503999063 1.96003437329592 2.60792191510996
65 "MAR.C50" 0.681196271839494 0.858333087756437 1.59999022316262 2.21553272956967
65 "MCAR10.C50" 0.717147054213638 0.866725516276018 1.60756204125852 2.21288811132437
66 "MAR.C50" 0.783098129513277 1.03691802550734 1.89129158499034 2.53359177917238
66 "MCAR10.C50" 0.791377510178446 1.04030498138191 1.89857139644855 2.56212048181275
67 "MAR.C50" 0.718381481520692 0.87865377765041 1.58140241020925 1.81834359021169
67 "MCAR10.C50" 0.727088188262154 0.89267514378043 1.59085301494958 1.69037651530052
68 "MAR.C50" 0.73595725848228 0.949646040361572 1.78615351480216 2.3223339116509
68 "MCAR10.C50" 0.736643184753548 0.945815852506869 1.77150153655407 2.32152706542133
69 "MAR.C50" 0.735492335160329 0.96862030595607 1.60615649941572 1.88529629618304
69 "MCAR10.C50" 0.728800146566396 0.967244229067004 1.60947154548188 1.83973257782531
1 "MAR.C50" 0.764269026905851 0.926170984287409 1.54519940874643 1.65711945915108
1 "MCAR10.C50" 0.798491385768726 0.921222970056574 1.52447056681213 1.84729347518474
2 "MAR.C50" 0.709097938912434 0.904422334254423 1.69882860525295 2.25047821925515
2 "MCAR10.C50" 0.728607907826963 0.901998324441686 1.6989708318001 2.2601909232355
3 "MAR.C50" 0.73472887776884 0.927357838761539 1.86212812132292 2.50715889825912
3 "MCAR10.C50" 0.729680611442667 0.926652679829005 1.85884750782973 2.52339490103837
4 "MAR.C50" 0.726976187480961 0.895002214250924 1.7004435371917 2.74529868839854
4 "MCAR10.C50" 0.741260855744591 0.897690107019446 1.70244268369814 2.69226796652208
5 "MAR.C50" 0.696057612614246 0.874573988378587 1.57677871380511 2.5578892792477
5 "MCAR10.C50" 0.719172886887326 0.881980696585018 1.57787108988531 2.38377733283076
6 "MAR.C50" 0.809465474899849 1.02573341458987 1.76439695115634 2.39589718301466
6 "MCAR10.C50" 0.810529101639868 1.01653914456524 1.75545426720506 2.35305382032343
7 "MAR.C50" 0.741950680233585 0.969668119206734 1.84874634287523 2.65119509563644
7 "MCAR10.C50" 0.75421296580223 0.968056234868695 1.8482426793951 2.57671776503958
8 "MAR.C50" 0.809156814214824 1.04990893373621 1.77656685852596 2.09776149784879
8 "MCAR10.C50" 0.801159977014989 1.03341901158829 1.7810776746707 2.25277089190644
9 "MAR.C50" 0.677317144574932 0.858507807350473 1.39686107739785 1.97572989991733
9 "MCAR10.C50" 0.684891276705995 0.855570586421042 1.39317159897235 1.70487582942166
10 "MAR.C50" 0.832381191913886 0.959704531820232 1.619786625933 1.99329123754924
10 "MCAR10.C50" 0.779271108542282 0.954192806631834 1.60646259408903 2.03619923290064
11 "MAR.C50" 0.719840777540873 0.950527883191674 1.51789697999668 2.01284561656656
11 "MCAR10.C50" 0.718832125598765 0.942817935011499 1.52071300677102 2.09204962563976
12 "MAR.C50" 0.688935880487073 0.885337197420895 1.5850696952486 2.18357975604125
12 "MCAR10.C50" 0.677443823200628 0.881561282350822 1.5788774771984 2.31555719611944
13 "MAR.C50" 0.671418817438459 0.806281839622828 1.55512971909384 2.38319158577219
13 "MCAR10.C50" 0.680605863782691 0.82046905029807 1.55789219044295 2.21896263833572
14 "MAR.C50" 0.715658952222725 0.875038002647486 1.6996773934864 2.47634175349875
14 "MCAR10.C50" 0.716677060508516 0.872560528960113 1.70806537856053 2.39465676838726
15 "MAR.C50" 0.714258074064738 0.890659320545888 1.36011959351285 1.83881483661496
15 "MCAR10.C50" 0.724810419598813 0.8811974175673 1.35601154913875 1.84095167153886
16 "MAR.C50" 0.731969002420906 0.940150131258089 1.99725701318231 2.71539136745759
16 "MCAR10.C50" 0.754365724947308 0.959343415015964 2.01179104600609 2.77244716119438
17 "MAR.C50" 0.718041489258175 0.841934576675723 1.60878354584782 1.95777915662596
17 "MCAR10.C50" 0.720886588646499 0.847171697115333 1.60466285463299 1.9911634775871
18 "MAR.C50" 0.668835712144461 0.920519633760095 1.39003208019761 1.75650881584361
18 "MCAR10.C50" 0.694541514644156 0.941554226119953 1.39555885289577 1.72361865210366
19 "MAR.C50" 0.698206006099258 0.876392066574171 1.57058498683097 1.9880360372411
19 "MCAR10.C50" 0.712766528346661 0.885327204977169 1.56758664940071 2.01106066095938
20 "MAR.C50" 0.715156295777647 0.894856209926088 1.69679610911041 2.24469770808178
20 "MCAR10.C50" 0.697441956044408 0.897385833499152 1.69346435099837 2.33626378902571
