1 "MAR.C10" 0.815860254576394 0.881681022263671 0.900638059220698 0.925755721248495
1 "MCAR10.C10" 0.81156625939653 0.882962817745487 0.901534037195351 0.926514917897355
1 "MAR.C30" 0.764115752573163 0.888551392205047 1.03552744123365 1.06662898947021
1 "MCAR10.C30" 0.754933646742842 0.899027558946781 1.1838258171842 1.2213913012759
2 "MAR.C10" 0.870391358115415 0.952412517501669 0.983348233533324 1.01253896455201
2 "MCAR10.C10" 0.872914446386943 0.949245939532631 0.98015159395565 1.00467154812922
2 "MAR.C30" 0.824534155537364 0.953957593302061 1.12905566911194 1.16715264591513
2 "MCAR10.C30" 0.791190155115101 0.954509540544795 1.27869638406647 1.32413016936896
3 "MAR.C10" 0.812951976312705 0.892044546846699 0.909906474800649 0.936643570183619
3 "MCAR10.C10" 0.816911556985221 0.890289007010057 0.906151856170494 0.929643636074787
3 "MAR.C30" 0.758440673562428 0.893402776048508 1.01768848872293 1.05648430554997
3 "MCAR10.C30" 0.721114955455152 0.890431695263274 1.18164009004744 1.21930227058791
4 "MAR.C10" 0.901801511317872 0.998900896563853 1.00870888740411 1.03690003213597
4 "MCAR10.C10" 0.915542804056514 0.99618349026632 1.00497776728186 1.02770635787652
4 "MAR.C30" 0.856526336646692 0.99841449565844 1.1160735172598 1.14835628322217
4 "MCAR10.C30" 0.824052396583885 0.996782512648014 1.28682442697186 1.32027422400504
5 "MAR.C10" 0.874478375259388 0.950078608047198 0.955307999515812 0.982895298961183
5 "MCAR10.C10" 0.879624675078814 0.951008695383247 0.957180657997781 0.980452460030908
5 "MAR.C30" 0.818345019293952 0.948993280759812 1.03568159440843 1.06959141008323
5 "MCAR10.C30" 0.792757609808002 0.953780245646566 1.22750831637319 1.28099161381952
6 "MAR.C10" 0.785806862344823 0.854766907304161 0.873477066560688 0.897026188808855
6 "MCAR10.C10" 0.780234941214025 0.849890816802284 0.869750235913153 0.888457613673894
6 "MAR.C30" 0.752504241038432 0.852176111347675 0.977248407388337 1.00419843691965
6 "MCAR10.C30" 0.719867290938924 0.851929142627203 1.17755582099079 1.21340442653664
7 "MAR.C10" 0.873798704370028 0.954594011897472 0.959896034159018 0.986196635581098
7 "MCAR10.C10" 0.877557287347717 0.956119767182229 0.95948410169917 0.984574463984241
7 "MAR.C30" 0.828160256263897 0.961741912942231 1.04266950153466 1.08063691965746
7 "MCAR10.C30" 0.798988059760801 0.960128304748436 1.20491781507354 1.2527842303841
8 "MAR.C10" 0.880978474840447 0.970810448921181 0.99120975814791 1.01919447202641
8 "MCAR10.C10" 0.892337110566652 0.970081863498206 0.990228348701025 1.01611987757058
8 "MAR.C30" 0.827145292103924 0.970793449065353 1.16415589351065 1.20368584163268
8 "MCAR10.C30" 0.810216505488501 0.972142000720233 1.35399427454317 1.39222201713608
9 "MAR.C10" 0.884065175534572 0.960740523439713 0.978098326784795 1.00203966218242
9 "MCAR10.C10" 0.902110889661558 0.959279834868134 0.978372677135781 1.00194898878968
9 "MAR.C30" 0.843500887567141 0.961931291815164 1.07791891236276 1.11054882279738
9 "MCAR10.C30" 0.82611892280086 0.971151657134309 1.24691012242262 1.28250796668861
10 "MAR.C10" 0.779181036691623 0.852785487195121 0.867206338448477 0.889591749327191
10 "MCAR10.C10" 0.794149484795647 0.852889275269291 0.869822131516928 0.890313904357891
10 "MAR.C30" 0.727561166380264 0.853368162512017 0.950819187165786 0.982103256668751
10 "MCAR10.C30" 0.710046567624543 0.861229576113066 1.12043076656371 1.15406723814919
11 "MAR.C10" 0.887380352751763 0.961494825075922 0.97607018353854 1.00817159513689
11 "MCAR10.C10" 0.884590431947312 0.955646166271781 0.971878301475891 0.99832363356508
11 "MAR.C30" 0.842357449813935 0.960399057622686 1.08457680576718 1.12452926251334
11 "MCAR10.C30" 0.803169652542665 0.961839069127011 1.29283385857135 1.33296316586908
12 "MAR.C10" 0.848496504493528 0.94371726298076 0.96482390961276 0.990371449658646
12 "MCAR10.C10" 0.85762481161596 0.941739559070453 0.962439069298976 0.986356537880462
12 "MAR.C30" 0.79815787597463 0.942037924234421 1.10640504036695 1.13920039751753
12 "MCAR10.C30" 0.774161100376928 0.942131227761531 1.29251446513452 1.32684001810065
13 "MAR.C10" 0.860466474202274 0.962067733448571 0.973140565111231 1.00002848274788
13 "MCAR10.C10" 0.88091975917391 0.959780142451625 0.969215226068617 0.990970417085081
13 "MAR.C30" 0.826667809531316 0.958422978483384 1.06594226279445 1.10007587701665
13 "MCAR10.C30" 0.80456940521065 0.959492781918485 1.20445349240041 1.24440532123161
14 "MAR.C10" 0.752642053608329 0.828794806071882 0.863364544926045 0.887215921115624
14 "MCAR10.C10" 0.761402539867165 0.829499754772349 0.862942057901679 0.88428916835611
14 "MAR.C30" 0.730872961469551 0.839806084308294 1.00046378411156 1.02999590628111
14 "MCAR10.C30" 0.718811325536702 0.856725372508276 1.23123519536331 1.26895035557883
15 "MAR.C10" 0.860319356213858 0.927770372015068 0.945762040961433 0.968097378836929
15 "MCAR10.C10" 0.864097649510596 0.929353178432311 0.949089781113911 0.97450306414684
15 "MAR.C30" 0.800406218250906 0.930982934376112 1.07838962839163 1.10849540235478
15 "MCAR10.C30" 0.80087905858932 0.930896829186629 1.23647302503494 1.27715451828881
16 "MAR.C10" 0.875682104890519 0.979067055018968 0.981522137680894 1.00732330165832
16 "MCAR10.C10" 0.888197617138662 0.97961886100211 0.983787724749466 1.00824968524523
16 "MAR.C30" 0.838599859614901 0.977286414845052 1.04976407805428 1.08253285194508
16 "MCAR10.C30" 0.815404309059008 0.981297379758139 1.19823283448385 1.23816173298607
17 "MAR.C10" 0.804229060724428 0.863255991789307 0.88411543702098 0.910731687321398
17 "MCAR10.C10" 0.798510798607043 0.863152200569489 0.883095372634523 0.908355490685526
17 "MAR.C30" 0.763090934653002 0.86584542766479 0.985370119030749 1.0174539471959
17 "MCAR10.C30" 0.733367766839453 0.86601475149321 1.17978405875542 1.22071152728743
18 "MAR.C10" 0.784505679538711 0.863733679157619 0.88343687379213 0.902890537845395
18 "MCAR10.C10" 0.793326255422056 0.862899302632119 0.883124744403398 0.902591587297258
18 "MAR.C30" 0.741096844115678 0.872562211560415 1.00778916618168 1.03737996199072
18 "MCAR10.C30" 0.743002985969888 0.880422130627665 1.20100149134438 1.23872806286461
19 "MAR.C10" 0.89136905117755 0.971713967279766 0.987006205960128 1.01280005944729
19 "MCAR10.C10" 0.905997204744405 0.975009823905672 0.990534921982021 1.01502930311341
19 "MAR.C30" 0.851373689161964 0.974905472535767 1.08871892776725 1.12724440528667
19 "MCAR10.C30" 0.816100727584007 0.974285541645244 1.26907571780368 1.30951755443662
20 "MAR.C10" 0.858809143090458 0.957660628113064 0.982832140995263 1.00766312813565
20 "MCAR10.C10" 0.857863069547747 0.955492019535416 0.979755254968734 1.00768670168895
20 "MAR.C30" 0.82256220679237 0.955565723599069 1.09547380352052 1.13052653507339
20 "MCAR10.C30" 0.815996365335161 0.957514227020497 1.25824586972287 1.2996013339652
21 "MAR.C10" 0.840307084638942 0.933836528394644 0.954054483252786 0.983647120700479
21 "MCAR10.C10" 0.838943816513897 0.927460971481847 0.948715879870085 0.975349841081823
21 "MAR.C30" 0.773446800810992 0.93086959711309 1.06434895971432 1.10252017135092
21 "MCAR10.C30" 0.757415877541795 0.94047502748667 1.23959246974473 1.28204838352971
22 "MAR.C10" 0.838180168188001 0.940561400413602 0.949988736107943 0.973461779349443
22 "MCAR10.C10" 0.864260538947635 0.936442003338034 0.948420250881158 0.969569408312243
22 "MAR.C30" 0.804526713760589 0.940998413394996 1.02746685670627 1.0618973518941
22 "MCAR10.C30" 0.754824698794005 0.946257012326716 1.19902847716192 1.23271804701581
23 "MAR.C10" 0.795166192920772 0.886033281226948 0.905915519881506 0.929451727169092
23 "MCAR10.C10" 0.807444944560604 0.885853252132487 0.90299334582375 0.923420709926564
23 "MAR.C30" 0.782085334888889 0.890128199038838 1.00357797919098 1.03678215678227
23 "MCAR10.C30" 0.760753705218369 0.891650734070071 1.13536053877856 1.16646647344813
24 "MAR.C10" 0.86549077632659 0.942934929036506 0.947720357595715 0.972519948780664
24 "MCAR10.C10" 0.855838669599749 0.94446876871523 0.948516443666274 0.975434609780481
24 "MAR.C30" 0.822756057561184 0.941727552053085 1.02241015696618 1.05953756518218
24 "MCAR10.C30" 0.769613146530203 0.945163832989452 1.16877478727433 1.21191465016676
25 "MAR.C10" 0.772623659056487 0.848482175805498 0.864587060852553 0.886960563304063
25 "MCAR10.C10" 0.775082127375439 0.843438289236166 0.860094754718723 0.880279282912117
25 "MAR.C30" 0.734131650185061 0.849684176925012 0.967064445586842 1.00120475403896
25 "MCAR10.C30" 0.706446333146901 0.85002819514749 1.12695773224001 1.16568704062769
26 "MAR.C10" 0.839537732092255 0.925754276710985 0.938841038982132 0.959512117279744
26 "MCAR10.C10" 0.846504759025748 0.926971040458511 0.940883774833888 0.963087910209537
26 "MAR.C30" 0.819714505272846 0.930868499026694 1.05284343523766 1.08670756781284
26 "MCAR10.C30" 0.792152071198522 0.932360310500824 1.17743481440273 1.21709348522524
27 "MAR.C10" 0.794139429013893 0.881457094645609 0.898301694537991 0.918253864137692
27 "MCAR10.C10" 0.791073920870134 0.880660245820372 0.898701949822599 0.91723651334599
27 "MAR.C30" 0.76686810920307 0.881130754084215 0.992626107801772 1.02010794545492
27 "MCAR10.C30" 0.740660391111015 0.88545702482055 1.19780106096562 1.23523046925901
28 "MAR.C10" 0.81252247794604 0.907792143713424 0.920139774924284 0.940740045793037
28 "MCAR10.C10" 0.830376283269258 0.909874076656322 0.922932848451155 0.942303002610949
28 "MAR.C30" 0.770015109197236 0.910523035371654 1.03939014126608 1.07033418677555
28 "MCAR10.C30" 0.754015963003251 0.912344316510551 1.16888580420466 1.20629097794884
29 "MAR.C10" 0.857865058306754 0.972511515312078 0.997920807415431 1.02181168169401
29 "MCAR10.C10" 0.86693639419668 0.970535791077198 0.995503722136695 1.01693188618127
29 "MAR.C30" 0.822420779803135 0.973548587980172 1.10103108904391 1.13101738147606
29 "MCAR10.C30" 0.788766899804375 0.972735864889991 1.26275973144325 1.29545131165046
30 "MAR.C10" 0.796369107419378 0.896066825300432 0.927236522875036 0.952778416972536
30 "MCAR10.C10" 0.814336771472597 0.895423201355826 0.92388857804838 0.944752203543256
30 "MAR.C30" 0.770881207102037 0.895497065713091 1.01482341887867 1.04604271536067
30 "MCAR10.C30" 0.741479631217329 0.896798737207736 1.18747689850893 1.22340034475278
31 "MAR.C10" 0.79634924912247 0.873968182962682 0.88912419982867 0.911875680007444
31 "MCAR10.C10" 0.784741793279152 0.871890576706402 0.885717416507232 0.904290506807273
31 "MAR.C30" 0.746206626008664 0.874821101039033 1.00017056232279 1.03104720227801
31 "MCAR10.C30" 0.735751738817198 0.876474329344971 1.177178438064 1.21240221568722
32 "MAR.C10" 0.824051983650348 0.907086958047258 0.922482260710838 0.949483531626972
32 "MCAR10.C10" 0.843512683309273 0.908841430255217 0.922658241555124 0.949889943368764
32 "MAR.C30" 0.799422504482024 0.914453211866688 1.02808372786101 1.06525379443767
32 "MCAR10.C30" 0.767778263817149 0.909165099804551 1.15709726637822 1.19852563538598
33 "MAR.C10" 0.808069446714911 0.891382898187239 0.907621522285771 0.928408521270485
33 "MCAR10.C10" 0.812398722228008 0.891543692088793 0.909422149466113 0.930220768516857
33 "MAR.C30" 0.771298489325814 0.887791233237125 1.01201364583099 1.04438802090224
33 "MCAR10.C30" 0.763834808874287 0.892441158164128 1.16178788183895 1.19770170558834
34 "MAR.C10" 0.818922393399091 0.899631710829123 0.911941251268727 0.933130124632379
34 "MCAR10.C10" 0.841661377246741 0.902606217482126 0.916383365956799 0.939513717140573
34 "MAR.C30" 0.787249676468545 0.904900686524403 1.00133279825702 1.03797008689893
34 "MCAR10.C30" 0.792454933138863 0.908402742714813 1.14245795861071 1.18371619794958
35 "MAR.C10" 0.786022261790011 0.877134392761694 0.899051169812896 0.919022677628637
35 "MCAR10.C10" 0.788636934253982 0.875155023070982 0.894538011797286 0.911586885397544
35 "MAR.C30" 0.751063960035116 0.874778398347437 1.00207816375247 1.03123164564345
35 "MCAR10.C30" 0.741521042122434 0.875819702957879 1.15242754640968 1.18287030610507
36 "MAR.C10" 0.768429556728278 0.862606897884145 0.884904723918514 0.911832050901635
36 "MCAR10.C10" 0.766569528275563 0.863707093400346 0.885491637112234 0.90688962094474
36 "MAR.C30" 0.731529758407859 0.862627163117953 0.969726695054498 1.00309458077363
36 "MCAR10.C30" 0.717140284921348 0.86308087402017 1.13127164857103 1.16626550769195
37 "MAR.C10" 0.867402037617653 0.960978931718764 0.976070226476882 1.00144158322307
37 "MCAR10.C10" 0.872756159087116 0.960761912989852 0.976345644134681 0.998377905672096
37 "MAR.C30" 0.821405290431808 0.961936118846819 1.06691791797283 1.09975072766897
37 "MCAR10.C30" 0.792411230392949 0.961704754845012 1.25966286086373 1.30222592151826
38 "MAR.C10" 0.806172261110052 0.89697317096739 0.922651929513164 0.947954997881055
38 "MCAR10.C10" 0.810248436878739 0.893697793127782 0.917180380339164 0.941950972636197
38 "MAR.C30" 0.740808820587664 0.894836668611204 1.02403763124382 1.05644502135142
38 "MCAR10.C30" 0.733583164388649 0.89594285956173 1.19734924869593 1.23396766939604
39 "MAR.C10" 0.911519704296631 1.01706752082171 1.02257429709049 1.05302073030545
39 "MCAR10.C10" 0.915965350226383 1.01407732836215 1.02070496469146 1.04557585087886
39 "MAR.C30" 0.869407553680738 1.0139743715709 1.09877092388013 1.13564282347975
39 "MCAR10.C30" 0.82369936966236 1.01608065937376 1.23055888610183 1.2678700777515
40 "MAR.C10" 0.849394320440013 0.937896528710304 0.950343457735188 0.975769202065839
40 "MCAR10.C10" 0.867958161245551 0.935426328478678 0.94586481263259 0.967478399530933
40 "MAR.C30" 0.803597165124795 0.93634263942395 1.03637001232225 1.06977180426831
40 "MCAR10.C30" 0.79204824023591 0.935380500546375 1.17268494342542 1.20766681645138
41 "MAR.C10" 0.847150817125272 0.944151504901581 0.96213334372643 0.989636383898355
41 "MCAR10.C10" 0.852814430251322 0.947907510364395 0.966804928406324 0.992058477054156
41 "MAR.C30" 0.81586097410274 0.945125057972502 1.07204975464189 1.10702277822127
41 "MCAR10.C30" 0.80606748567847 0.946898486727809 1.22319023118118 1.26318093082943
42 "MAR.C10" 0.743917025475463 0.823721543195082 0.845715190536076 0.875277743206538
42 "MCAR10.C10" 0.736402275554034 0.821153641875415 0.844486453021548 0.866126471013333
42 "MAR.C30" 0.695955528345583 0.824156600801354 0.92866246586914 0.959825317600874
42 "MCAR10.C30" 0.689955202953591 0.827674816185662 1.08060386984653 1.11586388161466
43 "MAR.C10" 0.821895149890708 0.897109330904371 0.911429324544657 0.932598872490699
43 "MCAR10.C10" 0.820364256845267 0.896074929218426 0.90773684407567 0.929649475812636
43 "MAR.C30" 0.779228950651174 0.905762112200287 1.01258998936341 1.04477464168614
43 "MCAR10.C30" 0.751733600646209 0.910250273765612 1.16603934930693 1.19661821391427
44 "MAR.C10" 0.791606765261215 0.851376871746301 0.863620763843317 0.881063624346163
44 "MCAR10.C10" 0.790167657330724 0.851052572418367 0.864652438762831 0.880719142719222
44 "MAR.C30" 0.754446656375459 0.853374280459379 0.966022911755801 0.995620321328723
44 "MCAR10.C30" 0.741665046066215 0.855976494272481 1.14577170277264 1.18463558014819
45 "MAR.C10" 0.852441204347169 0.943967543567835 0.971357456985131 0.992403060652827
45 "MCAR10.C10" 0.865352327243222 0.943218032419667 0.97125735410118 0.990533804418043
45 "MAR.C30" 0.794883301003162 0.943572034695359 1.09329712168617 1.12561789378663
45 "MCAR10.C30" 0.775394405650207 0.947366326759749 1.32614198885861 1.36148833999646
46 "MAR.C10" 0.843588850711958 0.94576812263982 0.944349102926251 0.973713458516477
46 "MCAR10.C10" 0.841989719133003 0.945277462852191 0.945539704569437 0.972018448875544
46 "MAR.C30" 0.795309705427672 0.948768601813189 1.04548179604025 1.08124541900581
46 "MCAR10.C30" 0.773775697105954 0.945960547451445 1.21062039217004 1.2486618743196
47 "MAR.C10" 0.797141775751407 0.876429041020459 0.890305354389609 0.91551633328157
47 "MCAR10.C10" 0.798329693025535 0.875155848610028 0.887999794629189 0.910552162532293
47 "MAR.C30" 0.745276774808929 0.88001273439415 0.988172228867411 1.02480885340075
47 "MCAR10.C30" 0.720390742239901 0.878934672773507 1.13391867683545 1.16834330387192
48 "MAR.C10" 0.798230062756789 0.875756869735981 0.892603535589276 0.917643570795192
48 "MCAR10.C10" 0.809561007605128 0.874387519840507 0.890154457778747 0.913661911958999
48 "MAR.C30" 0.766839304585942 0.874676527675307 0.969334284335894 1.00551979601507
48 "MCAR10.C30" 0.76386241975168 0.877106417136563 1.14564950984306 1.18918633539897
49 "MAR.C10" 0.881655821256992 0.968257382922707 0.983111731817311 1.01609423319082
49 "MCAR10.C10" 0.899520693187614 0.964583598421901 0.979238494313366 1.00954745718309
49 "MAR.C30" 0.834634214465691 0.972201921766523 1.08220012783888 1.11643468909592
49 "MCAR10.C30" 0.800740792383261 0.976138761869218 1.23007149744136 1.27397628029392
50 "MAR.C10" 0.826904107952745 0.903489833028148 0.915496702803753 0.941172263871842
50 "MCAR10.C10" 0.832929953785283 0.901021189867417 0.914576026635228 0.936554580446394
50 "MAR.C30" 0.770573668647421 0.903663823086481 0.999615818755031 1.03550035397773
50 "MCAR10.C30" 0.76760344673688 0.903706331599077 1.17163613572757 1.21248374641648
51 "MAR.C10" 0.841504467761997 0.939963905463834 0.953069539706125 0.980248256670806
51 "MCAR10.C10" 0.83918416064719 0.939840238563497 0.954777566062293 0.981081097796384
51 "MAR.C30" 0.791773794295949 0.940297893616593 1.0414650806509 1.07706261856633
51 "MCAR10.C30" 0.752993338449782 0.943472514121993 1.21134972205714 1.25346326464978
52 "MAR.C10" 0.784920199921822 0.862744238098364 0.87492733350291 0.898075913365419
52 "MCAR10.C10" 0.783080781719343 0.861778996220981 0.873718357551625 0.893044083757889
52 "MAR.C30" 0.742475306033713 0.864983893229732 0.966480276249696 0.999882515383757
52 "MCAR10.C30" 0.725216730447803 0.864727969693678 1.13830248476588 1.16886187895283
53 "MAR.C10" 0.758412171769683 0.85270992877319 0.864258268579209 0.89044830367123
53 "MCAR10.C10" 0.761557199703343 0.851649797250488 0.862540879060185 0.886481636978217
53 "MAR.C30" 0.709436174154425 0.852555383848451 0.956455907984168 0.987530662061668
53 "MCAR10.C30" 0.701918968745328 0.853920118032208 1.09530200596663 1.13044908545512
54 "MAR.C10" 0.817610313078076 0.900982851169443 0.919439464709995 0.947654506723656
54 "MCAR10.C10" 0.836020583216176 0.901314509677771 0.920490696726436 0.944870139108485
54 "MAR.C30" 0.776205742993532 0.899794688387645 1.0157905840506 1.04621449826493
54 "MCAR10.C30" 0.767846686609892 0.901815091557284 1.19141195002114 1.23383615142122
55 "MAR.C10" 0.852651902439774 0.940924922249766 0.953232211128071 0.979828633518901
55 "MCAR10.C10" 0.861598840947315 0.941486830936149 0.953081690142118 0.981934230516819
55 "MAR.C30" 0.809441238232184 0.948056876363682 1.06276229831017 1.09695711055292
55 "MCAR10.C30" 0.795744283266304 0.958354132518873 1.24918742344202 1.29146679511457
56 "MAR.C10" 0.794546518149708 0.87126140384111 0.885995498988249 0.911077377567725
56 "MCAR10.C10" 0.795731955984018 0.867526247736631 0.883007506678232 0.908447176627738
56 "MAR.C30" 0.751145879345568 0.868268987367759 1.00806856298579 1.04464185025693
56 "MCAR10.C30" 0.734996796361039 0.870811324137428 1.17176578691398 1.20955327756777
57 "MAR.C10" 0.774940070655509 0.861520253410519 0.882237991382929 0.90978387954718
57 "MCAR10.C10" 0.774442001460592 0.860799933938306 0.880260523084838 0.901381287509405
57 "MAR.C30" 0.745445618984247 0.862254307184777 0.988619985672615 1.01627586646208
57 "MCAR10.C30" 0.715616602103449 0.863851585575286 1.15523849022254 1.19002213103965
58 "MAR.C10" 0.825040500319403 0.91424430132526 0.927234172276388 0.951787335502902
58 "MCAR10.C10" 0.828651743577983 0.917896007406911 0.929308867556981 0.951251961319363
58 "MAR.C30" 0.800007974681883 0.919709479361748 1.03037848972973 1.06629501678598
58 "MCAR10.C30" 0.777383302934195 0.922749335479682 1.17548770102024 1.20857298758579
59 "MAR.C10" 0.851774788509839 0.932514077686164 0.943828209162754 0.971503219526617
59 "MCAR10.C10" 0.851728393639025 0.932596131566938 0.94168626394056 0.966414601239763
59 "MAR.C30" 0.804057184853869 0.933939928044898 1.04891073933697 1.08126185461634
59 "MCAR10.C30" 0.777390239943589 0.934458674208144 1.18235599931639 1.22295291101466
60 "MAR.C10" 0.871492627022451 0.94852246604282 0.958853235675763 0.980899955905054
60 "MCAR10.C10" 0.878797096740489 0.947735044447348 0.96113699153294 0.982804216609716
60 "MAR.C30" 0.81280407962951 0.948202547104877 1.04848126895372 1.08152132856924
60 "MCAR10.C30" 0.797463196833171 0.944679276961229 1.18037791184069 1.21737963467153
61 "MAR.C10" 0.820095445082831 0.883189561340071 0.892740907771391 0.919042842461662
61 "MCAR10.C10" 0.808742297281934 0.884719885377261 0.895173819073787 0.924260929288467
61 "MAR.C30" 0.770999825683577 0.888840514337291 0.984715549038223 1.01864312720574
61 "MCAR10.C30" 0.745109586407685 0.89684974865047 1.13923774637403 1.17776783554384
62 "MAR.C10" 0.843877885158041 0.919630635337147 0.938239604067616 0.960524714304903
62 "MCAR10.C10" 0.853883302480417 0.921185074928924 0.937902279910462 0.956314381841015
62 "MAR.C30" 0.783127430012876 0.91909219997718 1.06577874370222 1.09065394155723
62 "MCAR10.C30" 0.760400100110173 0.923514991916195 1.25146128543377 1.29080050501185
63 "MAR.C10" 0.802483946805234 0.90005402802864 0.919279838550214 0.939535603534438
63 "MCAR10.C10" 0.814707335025631 0.900403955317662 0.917996692785984 0.937578664825432
63 "MAR.C30" 0.756072714925971 0.903560966856431 1.00746531391026 1.03360376811049
63 "MCAR10.C30" 0.731711265355602 0.90305505463167 1.17527520424449 1.20966677371968
64 "MAR.C10" 0.818879311336925 0.900336522057298 0.913149127134106 0.936818064565748
64 "MCAR10.C10" 0.824775249853803 0.9023529728282 0.915609845410091 0.933507446432343
64 "MAR.C30" 0.778156766170953 0.901878494228042 1.08222717482707 1.11099183109449
64 "MCAR10.C30" 0.777501416517918 0.912257048827702 1.31082458431253 1.34266779421646
65 "MAR.C10" 0.826274819527014 0.923403067230658 0.95177974368633 0.971524624220944
65 "MCAR10.C10" 0.832541672212171 0.921246198712084 0.94876938796358 0.966271931174162
65 "MAR.C30" 0.789697974890533 0.927187144456674 1.07294715824559 1.10562394452922
65 "MCAR10.C30" 0.763205557661275 0.924374771514687 1.23388040974764 1.26783371459789
66 "MAR.C10" 0.844099476446802 0.931006134156047 0.949837333518674 0.973923000308518
66 "MCAR10.C10" 0.834584044746758 0.932470418612654 0.950155947807026 0.971200589699671
66 "MAR.C30" 0.776270410886069 0.934895979435996 1.07505685615986 1.10943552835568
66 "MCAR10.C30" 0.769425015288467 0.931446651513233 1.27515855289156 1.30738871686698
67 "MAR.C10" 0.874890825764069 0.976794932493906 0.9946914785192 1.02200179923364
67 "MCAR10.C10" 0.884769642874688 0.977833369754732 0.995328623452748 1.02148756151722
67 "MAR.C30" 0.814481796870022 0.974625752257165 1.08751832891377 1.12571274129998
67 "MCAR10.C30" 0.796669030591724 0.977781483512124 1.25221284558088 1.29347284158776
68 "MAR.C10" 0.824366829801487 0.917972445895378 0.934734145537693 0.961469042222297
68 "MCAR10.C10" 0.838481987465951 0.920483131026579 0.933052629205056 0.960772897532435
68 "MAR.C30" 0.791869717809011 0.920777625805244 1.03310097777954 1.07041931960766
68 "MCAR10.C30" 0.772422888988236 0.925666733206082 1.20836276485597 1.24804740132484
69 "MAR.C10" 0.821252994485017 0.909093488020246 0.924730856587014 0.951616283464947
69 "MCAR10.C10" 0.823407458763999 0.90791918823526 0.923498758029476 0.950896712351506
69 "MAR.C30" 0.796155882510938 0.915642409557754 1.03003361218265 1.06929288207265
69 "MCAR10.C30" 0.753364322854518 0.919867860897216 1.18487755950427 1.22951194832107
70 "MAR.C10" 0.806240917393569 0.890642011110163 0.913829023050601 0.93599068013323
70 "MCAR10.C10" 0.810943187197489 0.885886250792202 0.91438707934713 0.933004700597112
70 "MAR.C30" 0.76208124510505 0.886291227208784 1.01982804451479 1.04780494211497
70 "MCAR10.C30" 0.762145313979888 0.894687878920527 1.16936139055485 1.20502298075769
71 "MAR.C10" 0.916252562037225 0.997904200158811 1.01380083126347 1.03888787167784
71 "MCAR10.C10" 0.911845896428766 0.993871119906646 1.01241793575846 1.03326750299215
71 "MAR.C30" 0.845926257011747 0.99558922814133 1.10332149002116 1.13616140389994
71 "MCAR10.C30" 0.81499280236941 1.00525275383457 1.31538659140788 1.35474538391067
72 "MAR.C10" 0.770643320780596 0.850296050106084 0.862835757256517 0.886846951926917
72 "MCAR10.C10" 0.783411444048836 0.848887997599397 0.861443850634052 0.884805203110755
72 "MAR.C30" 0.740219513936348 0.850474008017923 0.954376355422533 0.986109882036307
72 "MCAR10.C30" 0.731112854683976 0.849151077654476 1.10469738770611 1.1399930269345
73 "MAR.C10" 0.831964118319271 0.922210259320184 0.940716279138315 0.973534979687878
73 "MCAR10.C10" 0.823488709625944 0.920413547528805 0.938445918958884 0.963951964447502
73 "MAR.C30" 0.781405138211213 0.925642009527552 1.07047334701972 1.10710963784462
73 "MCAR10.C30" 0.770824515337631 0.929029425698657 1.26349671793207 1.30206870099766
74 "MAR.C10" 0.897352122581036 0.986866626647849 0.989680558587785 1.02223840111097
74 "MCAR10.C10" 0.912411769122194 0.9827938494064 0.988552896489294 1.01558608375865
74 "MAR.C30" 0.83347624331614 0.980912032746266 1.07756418006635 1.11556530916774
74 "MCAR10.C30" 0.799273238668363 0.986515379757683 1.24520677236533 1.28508197810776
75 "MAR.C10" 0.836083487342276 0.926255467962517 0.946451386477742 0.968881196306061
75 "MCAR10.C10" 0.833649155731619 0.926106924853203 0.946815698112228 0.968042411742245
75 "MAR.C30" 0.793026465207107 0.926945982523969 1.03384150389646 1.06384150318397
75 "MCAR10.C30" 0.767765243334176 0.930185718871533 1.20774594521432 1.24232112816772
76 "MAR.C10" 0.827381354337802 0.915489897578689 0.9264729767039 0.949302659564628
76 "MCAR10.C10" 0.824091668950856 0.909532210802423 0.920323394658155 0.940302303929023
76 "MAR.C30" 0.808628907850827 0.913763418611981 1.01810560860899 1.05337641794435
76 "MCAR10.C30" 0.780109688047899 0.916085168340384 1.18050953457611 1.21621204037413
77 "MAR.C10" 0.771443217825279 0.852157496689432 0.864167427395152 0.887164602464774
77 "MCAR10.C10" 0.77644561703909 0.852202762118533 0.865935595097452 0.88634490519885
77 "MAR.C30" 0.735634820795543 0.857121430709863 0.970430735242019 1.00390936324831
77 "MCAR10.C30" 0.720478573978418 0.854610760266109 1.14067535421306 1.18219543006894
78 "MAR.C10" 0.857287496980444 0.934895507976119 0.945109597192371 0.969790407368463
78 "MCAR10.C10" 0.85619637582224 0.932803850875128 0.94372906820992 0.965154890951823
78 "MAR.C30" 0.813257243632357 0.933948388016696 1.02613531606049 1.05828343049281
78 "MCAR10.C30" 0.78681799215843 0.935407785276392 1.18439035230621 1.25632789461792
79 "MAR.C10" 0.817888373324382 0.906623873437458 0.922590049489522 0.94754901153532
79 "MCAR10.C10" 0.835077803419156 0.905757050358915 0.918975321722562 0.943144388816886
79 "MAR.C30" 0.797736181299447 0.910090815749947 1.03666045125491 1.07440243395323
79 "MCAR10.C30" 0.751787871909223 0.908691405444509 1.18038862014285 1.21715886580308
80 "MAR.C10" 0.796898607735734 0.86938967866109 0.883900393814937 0.908157286469241
80 "MCAR10.C10" 0.799355279369158 0.869922674796185 0.885491221682179 0.90830541493916
80 "MAR.C30" 0.750270086853452 0.869535944115112 0.963064642646321 0.992059904238575
80 "MCAR10.C30" 0.741937124400918 0.87084556828269 1.09501518317432 1.12889122981067
81 "MAR.C10" 0.823290766252201 0.906639808516899 0.920862604759879 0.947657723988243
81 "MCAR10.C10" 0.830126807914119 0.906975708548793 0.923838679917784 0.948231057421458
81 "MAR.C30" 0.777226414505886 0.904800800840507 1.02297732619872 1.05388841897026
81 "MCAR10.C30" 0.751386989655253 0.904738404440639 1.17842028719678 1.2121172172647
82 "MAR.C10" 0.812606980255647 0.87509894647703 0.885651829014384 0.907419058175231
82 "MCAR10.C10" 0.810632639263889 0.86947572409882 0.883948782313148 0.903913351147091
82 "MAR.C30" 0.762351946334162 0.870246643332656 0.983191099349192 1.01315497219704
82 "MCAR10.C30" 0.73316796591465 0.869025748370315 1.15056054234172 1.1859305435672
83 "MAR.C10" 0.855957177837751 0.939574761783545 0.949515461511078 0.974729557031314
83 "MCAR10.C10" 0.872191955292954 0.940414113131597 0.947992698745948 0.970227049152572
83 "MAR.C30" 0.818296161980111 0.937666061644077 1.03809847819707 1.06952204912246
83 "MCAR10.C30" 0.812268173502258 0.939729782361121 1.20182783703003 1.24207300515308
84 "MAR.C10" 0.86598726185261 0.949946297662903 0.968526242781458 0.995732549457598
84 "MCAR10.C10" 0.872208494509097 0.948954442077941 0.965366801197407 0.987915818285138
84 "MAR.C30" 0.814405006488918 0.947633129597231 1.08307756321733 1.11924963569526
84 "MCAR10.C30" 0.796546839229074 0.945208832945159 1.24247775999309 1.28343290351749
85 "MAR.C10" 0.766817926624965 0.836084309154529 0.853639524914204 0.875308081122447
85 "MCAR10.C10" 0.77366657283008 0.83449453211302 0.850543914018812 0.871060633019301
85 "MAR.C30" 0.73818777285482 0.841131688433923 0.954618641590459 0.982590860507084
85 "MCAR10.C30" 0.706238499450155 0.839854814983899 1.12929412009309 1.16104678032279
86 "MAR.C10" 0.854904533188784 0.930337456592723 0.935009889266036 0.956972771879862
86 "MCAR10.C10" 0.86087965892169 0.927578554815589 0.937149346222835 0.95773441207129
86 "MAR.C30" 0.801573319028832 0.927485335407007 1.03096056904823 1.06119145082989
86 "MCAR10.C30" 0.806712373852794 0.930547100677654 1.18182243504642 1.21732493037936
87 "MAR.C10" 0.862149658287152 0.962714690350608 0.975328206905633 1.00366900205483
87 "MCAR10.C10" 0.85977656702738 0.960371326656234 0.975431497242146 0.998712338287696
87 "MAR.C30" 0.822437292949936 0.963260405569409 1.08104578837111 1.11755999788329
87 "MCAR10.C30" 0.811443819318047 0.967596794435325 1.29729662535943 1.33281567833367
88 "MAR.C10" 0.823877852767933 0.917888208849532 0.933228498464031 0.954298637960482
88 "MCAR10.C10" 0.820001319627761 0.916612410954507 0.932346565467545 0.950112605246182
88 "MAR.C30" 0.785908925918599 0.919065835957417 1.03521148413027 1.06536639820491
88 "MCAR10.C30" 0.777522086195676 0.924179829985136 1.22296827057888 1.25680873360704
89 "MAR.C10" 0.794712457246484 0.862223960628283 0.881567691846334 0.904230595238344
89 "MCAR10.C10" 0.798465500950577 0.866091516216986 0.884199951498473 0.90601966564618
89 "MAR.C30" 0.749632129245405 0.869913610565383 0.985053502453069 1.01955703398225
89 "MCAR10.C30" 0.737107582217513 0.883646123400444 1.19182183785992 1.23300211116118
90 "MAR.C10" 0.8758565712902 0.940932075634094 0.953009889921701 0.975864498914397
90 "MCAR10.C10" 0.871863038844687 0.936573994364673 0.948892625501443 0.966519507640868
90 "MAR.C30" 0.822475698571687 0.935674714290562 1.06781722726452 1.0969177167394
90 "MCAR10.C30" 0.807965053488443 0.939083340626848 1.25820903205043 1.29227431598515
91 "MAR.C10" 0.839694020365032 0.91480293777883 0.929607431920534 0.959077382700621
91 "MCAR10.C10" 0.842252278733006 0.910322648672666 0.927140207740531 0.951025523191433
91 "MAR.C30" 0.788105198236098 0.91501621759805 1.02453995750989 1.05746872446717
91 "MCAR10.C30" 0.787832246430922 0.918988603836125 1.18698980410745 1.22697503428764
92 "MAR.C10" 0.868752334964572 0.973435341765218 0.981975422260041 1.00871599318334
92 "MCAR10.C10" 0.869068204282896 0.968632707177756 0.97934387332189 1.0001336714361
92 "MAR.C30" 0.829570057740451 0.974771662180295 1.09463572320016 1.13415631360316
92 "MCAR10.C30" 0.795226851812264 0.976169195865882 1.27972525972862 1.32843297036253
93 "MAR.C10" 0.867297024610876 0.962742220776866 0.979666470672364 1.01051442423583
93 "MCAR10.C10" 0.864715622722306 0.961479185837139 0.975098821865637 1.00124667114095
93 "MAR.C30" 0.805132824940051 0.963744256156649 1.07187031822652 1.10604395742366
93 "MCAR10.C30" 0.785238768052104 0.965342402100115 1.25858870148751 1.30370498168362
94 "MAR.C10" 0.862872626535019 0.969760792587054 0.981656919909631 1.01209891634542
94 "MCAR10.C10" 0.887806675128304 0.96626053101237 0.977458331003542 1.0018134513712
94 "MAR.C30" 0.824564503872793 0.96324903658727 1.08920857539513 1.12244160144587
94 "MCAR10.C30" 0.795654282475884 0.967917227216521 1.28067052541441 1.31821775693437
95 "MAR.C10" 0.877865255754011 0.954112290096256 0.97093910098185 0.995916983760083
95 "MCAR10.C10" 0.862442383732405 0.950539654732165 0.965319430257781 0.990981995440494
95 "MAR.C30" 0.825448401020057 0.949229587071917 1.07464810635755 1.11244066100989
95 "MCAR10.C30" 0.802735612996504 0.951067126697937 1.22564485121615 1.26579339255421
96 "MAR.C10" 0.80918143191769 0.885809301945384 0.891605018029803 0.912617882855777
96 "MCAR10.C10" 0.818306387684032 0.888045585283582 0.892963894022754 0.915262734391804
96 "MAR.C30" 0.765030352730653 0.89135878742338 0.987710516677278 1.02185175732096
96 "MCAR10.C30" 0.738685660752069 0.887244943011757 1.15991506334566 1.19825343397989
97 "MAR.C10" 0.813980289957324 0.896406902744888 0.898894776157101 0.927029890872281
97 "MCAR10.C10" 0.819450669853448 0.896062885568878 0.899233992869193 0.924101838939433
97 "MAR.C30" 0.768048599454432 0.896557189467655 0.986224093251839 1.02238838969455
97 "MCAR10.C30" 0.754334980156354 0.893602719433835 1.15346996385614 1.18838510539389
98 "MAR.C10" 0.799497688389657 0.892924414909484 0.901304553042838 0.92503803947411
98 "MCAR10.C10" 0.808944113029914 0.889686277314828 0.898372198626895 0.920176258333041
98 "MAR.C30" 0.764798457606042 0.890720998718519 0.973672416357281 1.00299839055667
98 "MCAR10.C30" 0.7522457776039 0.896374891487786 1.1392476798029 1.17281233182444
99 "MAR.C10" 0.809605817753148 0.882676209234579 0.903729325325815 0.929208048489956
99 "MCAR10.C10" 0.815344934117422 0.879250477254615 0.899531224384532 0.920821051179385
99 "MAR.C30" 0.771389314194614 0.889117870399531 1.04819399661753 1.0804465844225
99 "MCAR10.C30" 0.753299278314197 0.882458779823086 1.21183918201843 1.24912363717935
100 "MAR.C10" 0.863178777492863 0.934863213277494 0.934359259258805 0.955061825604901
100 "MCAR10.C10" 0.860714401769652 0.929192709405912 0.932369761036784 0.950484426968912
100 "MAR.C30" 0.793488154791935 0.932431652059106 1.00193289152862 1.02792717745293
100 "MCAR10.C30" 0.779187157604979 0.934149998579772 1.12109272278159 1.15024588898029
1 "MAR.C50" 0.796958367040852 1.00631244213036 1.67837380074853 1.72466640198955
1 "MCAR10.C50" 0.807133238547852 1.00538456138674 1.67591167689049 1.72177789948554
2 "MAR.C50" 0.714512323957382 0.912526967145216 1.74543676535204 1.79181528127655
2 "MCAR10.C50" 0.720223190781696 0.912500771034911 1.74417244270961 1.7816146609113
3 "MAR.C50" 0.749621937960104 0.952990565204023 1.7041223766853 1.7525349087762
3 "MCAR10.C50" 0.759643731149059 0.954660106632251 1.70753932392071 1.75100954623989
4 "MAR.C50" 0.732696810268885 0.895709126870078 1.55596068742856 1.8406909571718
4 "MCAR10.C50" 0.733669022959057 0.901841379319194 1.55270931069017 1.85690483962917
5 "MAR.C50" 0.826715469653159 1.03474969376156 1.81386977978755 1.86669366235218
5 "MCAR10.C50" 0.837925695816272 1.03042013721845 1.80976864169187 1.85713383060681
6 "MAR.C50" 0.760040447099386 0.944319667697335 1.55816095149028 1.60115199909088
6 "MCAR10.C50" 0.774817837124251 0.940086622017532 1.55663023403147 1.60035893733729
7 "MAR.C50" 0.774821605036686 0.970975476541022 1.74122693633399 1.79648969599789
7 "MCAR10.C50" 0.755785642197429 0.965219748022548 1.74012130627117 1.79366413816582
8 "MAR.C50" 0.723458167126262 0.918565344623184 1.75371055766502 1.8032631736289
8 "MCAR10.C50" 0.721618468057122 0.912907409886844 1.75184716800434 1.79541098824519
9 "MAR.C50" 0.794754620628444 1.43052167895 1.7514136162091 1.78449137562522
9 "MCAR10.C50" 0.796385468333474 0.96919567552311 1.74737781111628 1.78552193526821
10 "MAR.C50" 0.785913783843748 0.972562097696478 1.70652239139443 1.7493441353666
10 "MCAR10.C50" 0.794983021587556 0.967554086751512 1.70895982690192 1.75797019514202
11 "MAR.C50" 0.807150769428405 1.00270970898412 1.81476566872041 1.85771752914319
11 "MCAR10.C50" 0.812214483933262 1.00695925635953 1.82197032406605 1.86993104251894
12 "MAR.C50" 0.759625619743636 0.920982232748488 1.82162578281387 1.86640803362567
12 "MCAR10.C50" 0.755831722700916 1.36314941629006 1.81615781928453 1.85530679594839
13 "MAR.C50" 0.806020903809654 1.01330986761624 1.85645183197274 1.89557026546285
13 "MCAR10.C50" 0.81174422178941 1.0190598325621 1.86207948653271 1.90407133751483
14 "MAR.C50" 0.714493988759545 0.871733413453275 1.50574499253121 1.54905625512075
14 "MCAR10.C50" 0.688907590146976 0.861704669012321 1.50829603919058 1.53870618198859
15 "MAR.C50" 0.747103259591562 0.920797704318694 1.63093038002511 1.67362134326777
15 "MCAR10.C50" 0.762864034826599 0.919485355929363 1.62644698295294 1.66468259509931
16 "MAR.C50" 0.793244789623376 1.40477281616868 1.79642113805358 1.85266284919109
16 "MCAR10.C50" 0.813558538131889 0.993340321721559 1.79176482206705 1.84141410140893
17 "MAR.C50" 0.777976356940433 0.956603188825431 1.84238532456685 2.16572204132985
17 "MCAR10.C50" 0.766734032635386 0.958412123822651 1.83809813030966 1.88479137386683
18 "MAR.C50" 0.79489050228282 0.959185268616841 1.63480181066636 2.03112372449787
18 "MCAR10.C50" 0.792670644349869 1.29867718116042 1.63281030415191 1.6786067803561
19 "MAR.C50" 0.791740792995425 0.997794451131237 1.80020712145304 2.08428682672011
19 "MCAR10.C50" 0.800465429777426 0.994448237988144 1.79007583449149 2.07923865224319
20 "MAR.C50" 0.768715048497313 0.945065100376386 1.57954572135349 1.63155169319266
20 "MCAR10.C50" 0.77174790505474 0.939628296996022 1.57871622769183 1.62300943909315
21 "MAR.C50" 0.724358531724825 0.889737326170271 1.79636870138343 1.84431910010614
21 "MCAR10.C50" 0.712770298726117 0.88559113737445 1.79292434485579 2.1853003637856
22 "MAR.C50" 0.756068190948373 0.936117442657133 1.68294097766252 1.71832567406005
22 "MCAR10.C50" 0.770961311916607 0.934915114528754 1.68006194298539 1.71909978304195
23 "MAR.C50" 0.789474152434221 1.37711647585535 1.65818726079404 1.71070548624196
23 "MCAR10.C50" 0.798526737156899 1.0198244822353 1.64937483054863 1.69614123406651
24 "MAR.C50" 0.774054420448829 0.978819045020611 1.82358204279355 1.86562931272907
24 "MCAR10.C50" 0.79922013414234 0.984128067170267 1.82346212120631 1.99490765404205
25 "MAR.C50" 0.690973648946168 0.868707003070239 1.68069999552419 1.72274210785945
25 "MCAR10.C50" 0.686497502707915 0.868253890600954 1.67841369291086 1.79770326944392
26 "MAR.C50" 0.768410934131068 0.962703543915012 1.6843194448306 1.73930449156934
26 "MCAR10.C50" 0.771683573732325 0.955600629182001 1.67759548304004 1.72073480704035
27 "MAR.C50" 0.747309097802194 0.952908235468542 1.67289678451534 1.99874871045226
27 "MCAR10.C50" 0.763387257197421 2.22205910858002 1.67289655742203 1.71997205275808
28 "MAR.C50" 0.761462463937163 0.974351079009219 1.76267277386104 1.80640859560131
28 "MCAR10.C50" 0.771855078936567 2.30542068587123 1.7592993413536 1.79815047525101
29 "MAR.C50" 0.780708077481008 0.998423757742186 1.74250607100175 1.79568430058966
29 "MCAR10.C50" 0.77960382712018 0.989922191798033 1.73471516529194 1.78023823567717
30 "MAR.C50" 0.748419451798552 0.944733434371425 1.65044235370895 1.69193843320092
30 "MCAR10.C50" 0.751645905804399 0.943229178820082 1.64336347327794 1.68479756066413
31 "MAR.C50" 0.773104716474216 0.998837932397118 1.74177931877926 1.78299486124447
31 "MCAR10.C50" 0.800664003343785 0.996331925037705 1.74096252371752 1.78513536331116
32 "MAR.C50" 0.777749729208258 0.992478305600384 1.79315416813704 1.841588638496
32 "MCAR10.C50" 0.783084911956127 0.987646880411979 1.78975256116983 1.83151240288219
33 "MAR.C50" 0.730150135452886 0.930077873358176 1.66445441879611 1.71116157695772
33 "MCAR10.C50" 0.738702333919199 0.928018812906422 1.66289795788772 1.93899976382348
34 "MAR.C50" 0.746797140979062 0.970250627656515 1.74531556125442 1.78788806036604
34 "MCAR10.C50" 0.735238250376546 0.966641837054347 1.74510510975376 1.78886017326265
35 "MAR.C50" 0.757122455856874 0.95345052512616 1.64547564098675 1.68416652670519
35 "MCAR10.C50" 0.761647337674897 0.952791988889838 1.64359738468387 1.68343816965336
36 "MAR.C50" 0.699009481526099 0.884051591533138 1.6426696007048 1.68201416657165
36 "MCAR10.C50" 0.710102528592574 0.886168090109698 1.6351584332847 1.86989553528487
37 "MAR.C50" 0.747262136022012 0.938770726785932 1.71488614498562 1.76620359860096
37 "MCAR10.C50" 0.757738135423968 0.933488812944012 1.71137341356096 1.75593014223622
38 "MAR.C50" 0.780502258788291 0.996006998006114 1.81159241175106 2.07689354160416
38 "MCAR10.C50" 0.777192283973676 0.991382857558647 1.81561275963884 1.86364232568999
39 "MAR.C50" 0.743916240243487 0.94128575959976 1.72389297503123 1.77392196089237
39 "MCAR10.C50" 0.75893700276675 0.937321898740179 1.723175444166 1.76469300780776
40 "MAR.C50" 0.776669729969433 0.969120839458887 1.72231742738212 1.7782676024818
40 "MCAR10.C50" 0.776302701566087 0.968249131504375 1.72233801283099 1.76310851096733
41 "MAR.C50" 0.736636733342157 0.923131038448409 1.73243970788446 1.77881479608463
41 "MCAR10.C50" 0.741795953201837 0.91712565907746 1.73065716482389 1.77446449013926
42 "MAR.C50" 0.780234757947066 0.973485091681508 1.70818415838853 1.75232614673
42 "MCAR10.C50" 0.785999188294812 0.975297912290671 1.70496811092704 1.75192259767314
43 "MAR.C50" 0.797089107795872 0.996246146329278 1.72029357322323 1.76815679453779
43 "MCAR10.C50" 0.800719961285259 0.991698442000009 1.71733704350598 2.01443296043928
44 "MAR.C50" 0.70134324172336 0.883193945262216 1.6990350472357 1.74819606929036
44 "MCAR10.C50" 0.697737489349311 0.878867944215981 1.69636065122042 1.89028446969396
45 "MAR.C50" 0.755081739290075 0.946676478908505 1.70860458799148 1.75128625657863
45 "MCAR10.C50" 0.759275713173228 0.943815098089674 1.70709650134191 1.75893795528836
46 "MAR.C50" 0.756277446873348 0.935592807421731 1.80863063419191 1.85696073741937
46 "MCAR10.C50" 0.773642537185625 0.931079695048402 1.8017120723708 1.845432661362
47 "MAR.C50" 0.785899079868375 0.984592726596149 1.704491036846 1.75750864644837
47 "MCAR10.C50" 0.803371713890111 0.978897177668307 1.69889526750071 1.91899263309854
48 "MAR.C50" 0.700321145730025 0.904903796029726 1.5770040152082 1.62162607564159
48 "MCAR10.C50" 0.707450463089515 0.911197696906582 1.57799185368083 1.62120983889425
49 "MAR.C50" 0.77729593780361 0.97304534139322 1.70278765443824 1.74651380746334
49 "MCAR10.C50" 0.780190130947118 0.970074092920843 1.70358785743239 1.75245763468749
50 "MAR.C50" 0.74453034213292 0.922685648063812 1.63064770139202 1.66541724638756
50 "MCAR10.C50" 0.753357309305495 0.918890557513143 1.62543720626446 1.6603218411859
51 "MAR.C50" 0.777177245616532 0.977067931222023 1.77354080082404 2.07747906300541
51 "MCAR10.C50" 0.766659467931096 0.973673663088833 1.76606595937906 1.81620985718204
52 "MAR.C50" 0.730833731648989 0.918692607750762 1.68732453160927 1.72612484238031
52 "MCAR10.C50" 0.743273494907192 0.916434536597039 1.68915907425272 1.72925108583318
53 "MAR.C50" 0.732593179687991 1.34400958582645 1.61481881614671 1.66487019542915
53 "MCAR10.C50" 0.741761454136056 0.935910222293418 1.61515331487176 1.66075415033834
54 "MAR.C50" 0.786065741364061 0.963592330684633 1.7966495932438 1.85170376658022
54 "MCAR10.C50" 0.779410276045978 0.96051699956618 1.7983712691181 1.8471859333995
55 "MAR.C50" 0.709252760240374 0.896083827688929 1.67882031266341 1.72344402646622
55 "MCAR10.C50" 0.721785908463075 0.895591102386709 1.68186048853237 1.72637033377012
56 "MAR.C50" 0.791372247458118 0.978881355912073 1.85203601758394 2.20403903680119
56 "MCAR10.C50" 0.784698722258082 0.981379104645164 1.8516679873233 2.02043978046487
57 "MAR.C50" 0.701823038575354 0.870686597044794 1.67439809522049 1.71647967368867
57 "MCAR10.C50" 0.713459202167043 0.877381814844366 1.67754096354576 1.72216940651892
58 "MAR.C50" 0.744915230819037 0.938973813757086 1.77074323815072 1.81560264955536
58 "MCAR10.C50" 0.763596584921487 0.943084814845543 1.77237897050623 1.81186575710788
59 "MAR.C50" 0.778811332189257 0.966967364060604 1.73143459829194 1.77903328618887
59 "MCAR10.C50" 0.776539256676044 0.966129366874242 1.73124566842515 1.77329467619152
60 "MAR.C50" 0.777469145472656 0.9929480859918 1.86329743237093 1.90975997846124
60 "MCAR10.C50" 0.784238167838658 0.991993290369612 1.85769150070174 1.90297841306555
61 "MAR.C50" 0.740232062610228 0.923031790570023 1.6875243580825 1.755183787139
61 "MCAR10.C50" 0.746513804466461 0.924617651074472 1.68958742344671 1.7295478140481
62 "MAR.C50" 0.766569367968208 0.952675783302931 1.75796636291854 1.79841394675665
62 "MCAR10.C50" 0.754029821160854 0.952582052057531 1.76158830562169 1.83951754091369
63 "MAR.C50" 0.754311452891662 0.931889515997546 1.84093524920381 1.88826256478666
63 "MCAR10.C50" 0.763727522083508 0.930146331451961 1.83766708108177 1.87789714508337
64 "MAR.C50" 0.789356303311484 0.985968673713961 1.7427261621014 1.78873483676532
64 "MCAR10.C50" 0.794716486085178 0.986610083255366 1.74051304830857 1.78620084653631
65 "MAR.C50" 0.737838955045372 0.916689818718074 1.63833857394222 1.68278625256757
65 "MCAR10.C50" 0.751335886498047 0.914024235099082 1.64061597525745 1.68968402562712
66 "MAR.C50" 0.750378634733692 0.927608391116949 1.65730756763578 1.70271722832738
66 "MCAR10.C50" 0.747336330752845 0.926496722314659 1.6578656359338 1.97413759046694
67 "MAR.C50" 0.756674596901345 0.92445961968632 1.66961764776114 2.54642702058681
67 "MCAR10.C50" 0.762947922377016 0.931358756960986 1.66652954136384 1.71008499485353
68 "MAR.C50" 0.781091053648667 0.942337127623064 1.74366289234613 2.24756987209998
68 "MCAR10.C50" 0.7782663957387 0.936048152570631 1.74692135425561 1.7985381781413
69 "MAR.C50" 0.748564806395033 0.949308631070551 1.72084941928334 1.76258342152461
69 "MCAR10.C50" 0.762700535873008 0.949909686371598 1.72190308338528 2.23916267042974
70 "MAR.C50" 0.738867686223331 0.907471591890618 1.66023427734563 1.71002540381482
70 "MCAR10.C50" 0.751633545508629 0.904141982044154 1.65645695579782 1.69497270454031
71 "MAR.C50" 0.756502912929783 0.951030338860541 1.79983515163536 1.84196826379953
71 "MCAR10.C50" 0.747984684014679 0.947939287503198 1.79692037894105 1.83877102426569
72 "MAR.C50" 0.773733942554537 0.925788295270639 1.70277610969377 1.75168987130424
72 "MCAR10.C50" 0.775045864284512 0.924203289154455 1.70310631073837 1.75043560679243
73 "MAR.C50" 0.753597556970176 0.934970833615493 1.62301513765952 1.66676441606446
73 "MCAR10.C50" 0.771767000559142 0.950408056072366 1.63384537132206 1.68049321598944
74 "MAR.C50" 0.767065028756882 0.950845519274567 1.67768404447994 2.10412171089742
74 "MCAR10.C50" 0.781357921906231 0.94809478476214 1.66983491443873 1.70586628821923
75 "MAR.C50" 0.764080603976736 0.948509788432481 1.6271570837367 1.94460782587909
75 "MCAR10.C50" 0.789652192372505 0.96192413358039 1.62923406883552 1.67087710937843
76 "MAR.C50" 0.750483548633218 0.936274179469334 1.76069763514769 1.87800810657971
76 "MCAR10.C50" 0.755320771406868 0.930570010771228 1.76267770119726 1.91284394984406
77 "MAR.C50" 0.787092555952048 0.973845264313534 1.75500991630626 1.79830109410303
77 "MCAR10.C50" 0.799809446835807 0.976943880986448 1.75387872399899 1.79919002334096
78 "MAR.C50" 0.71054783850366 0.894462531665069 1.62366893520826 1.67638164515859
78 "MCAR10.C50" 0.732476585718864 0.890954828304272 1.6263711560382 1.67389947793388
79 "MAR.C50" 0.673605263615331 0.872570022674155 1.64027130158011 2.09853968474259
79 "MCAR10.C50" 0.693131009360971 0.877329612824353 1.64160652974064 2.07459365005999
80 "MAR.C50" 0.677226821208511 0.848228886272084 1.57162948044849 1.61820762809531
80 "MCAR10.C50" 0.668135882443706 0.850683466535104 1.56892920524055 1.60978189342964
81 "MAR.C50" 0.773786472912985 0.938637348678625 1.69157278220451 1.73187524781109
81 "MCAR10.C50" 0.775975631304274 0.938373621522949 1.6897307323827 1.73006313947193
82 "MAR.C50" 0.697350424170757 0.872871925952403 1.61391068514823 1.65113732616301
82 "MCAR10.C50" 0.694096560407031 0.87117319120628 1.61388808357058 1.65366263995438
83 "MAR.C50" 0.755942182560487 0.955212829850605 1.73430394373361 2.07285851162408
83 "MCAR10.C50" 0.767993380065156 0.954894900578098 1.73575414523707 1.78261511621676
84 "MAR.C50" 0.77140535364312 0.954080614421509 1.8168598372461 1.86729003795506
84 "MCAR10.C50" 0.766177620185274 0.954312437175467 1.82126584681367 1.86203800734656
85 "MAR.C50" 0.73357482815979 0.916657908220384 1.54775993511852 1.88831504138861
85 "MCAR10.C50" 0.729757658100813 0.916021568351419 1.54926241711823 1.59143906177925
86 "MAR.C50" 0.74844259983627 0.969869339500323 1.74722826376833 1.79863286423918
86 "MCAR10.C50" 0.759592522887318 0.975287178076868 1.74890848610348 1.79370263256978
87 "MAR.C50" 0.781991457305161 1.00046018945334 1.82270694660455 1.87577382773332
87 "MCAR10.C50" 0.786554777673616 0.998867442046038 1.81809768263131 1.84654700900982
88 "MAR.C50" 0.726341748581139 0.920084349663419 1.70967258590322 1.87043439713807
88 "MCAR10.C50" 0.705572012018013 0.915796509560018 1.70373427373359 1.73949339403434
89 "MAR.C50" 0.753959695043266 0.921688031767061 1.66599190154645 1.71268086693719
89 "MCAR10.C50" 0.770981343747273 0.920174725798051 1.66220222244195 1.9197378907402
90 "MAR.C50" 0.745669094400834 0.96878829174556 1.69446863068449 1.74844812375073
90 "MCAR10.C50" 0.745083664267593 0.965838884906285 1.68808454926863 1.73562857041954
91 "MAR.C50" 0.743530529918 0.934159545745989 1.68984947058598 1.73088806598445
91 "MCAR10.C50" 0.761578689340544 0.935526883348624 1.69331884951188 1.73764676105551
92 "MAR.C50" 0.785482916877645 0.98100007378538 1.82967222201314 1.87432997387524
92 "MCAR10.C50" 0.784917914074633 0.979087802751926 1.82891199820781 1.87430539541109
93 "MAR.C50" 0.764928578969913 0.970420069993673 1.68245084420424 1.72693260552556
93 "MCAR10.C50" 0.788954645405165 0.965420207340626 1.68190513565335 1.72427404508968
94 "MAR.C50" 0.79246338998314 0.981092413154744 1.65896324216094 1.70508435319256
94 "MCAR10.C50" 0.806974815815193 0.974510819894419 1.65621182171248 1.69734251618028
95 "MAR.C50" 0.756117741519546 0.967263809515377 1.74291051088923 1.78589796283246
95 "MCAR10.C50" 0.750905724979353 0.964858890627806 1.74682489722125 1.79415084485383
96 "MAR.C50" 0.748166893733258 0.925688741827286 1.61905627360433 1.66656904632383
96 "MCAR10.C50" 0.761881783494193 0.928846569900592 1.62341823025675 1.67106248834184
97 "MAR.C50" 0.760892579747364 0.954702121929608 1.74475848959239 1.79143924809671
97 "MCAR10.C50" 0.775390091442009 0.947507196543272 1.7463059092906 2.06526666875877
1 "MAR.C50" 0.761862920424577 0.944407271920609 1.71252029291678 2.21675709091959
1 "MCAR10.C50" 0.773800314619314 0.944327222184058 1.71134741800981 1.75360837776524
2 "MAR.C50" 0.742583532522418 0.931737786571137 1.67549528392806 1.71913956589818
2 "MCAR10.C50" 0.748293956825609 0.93334645324684 1.67656596304792 1.72283622747899
3 "MAR.C50" 0.759400385966656 0.946771408873934 1.80770135842948 2.36907427955565
3 "MCAR10.C50" 0.747318157571944 0.951658585747031 1.80825278506745 2.10479387929912
