11 "MAR.C10" 0.878938511542498 1.00133440437042 1.0329326148867 1.07284535803893
11 "MCAR10.C10" 0.89613207371255 0.997974611575818 1.02824067181471 1.06846686340596
11 "MAR.C30" 0.85519736537202 1.00166819138298 1.20268997812071 1.24257637524555
11 "MCAR10.C30" 0.837878838317027 1.01184863370085 1.35525008074647 1.40458044283448
12 "MAR.C10" 0.775059590310787 0.859457925504615 0.879074573021382 0.909600907654556
12 "MCAR10.C10" 0.792419274503525 0.857331778776953 0.875831053886114 0.904561975304288
12 "MAR.C30" 0.755849658109164 0.859916286202647 1.00331226030472 1.04301965141101
12 "MCAR10.C30" 0.718942686997559 0.861345377085832 1.1609703226784 1.19936081961785
13 "MAR.C10" 0.823331915513075 0.929739569144192 0.954510391496933 0.987483962709732
13 "MCAR10.C10" 0.830431237665135 0.930630649424797 0.952729150511625 0.980305589359276
13 "MAR.C30" 0.77620908506567 0.928401303930397 1.02058787444959 1.05264502418213
13 "MCAR10.C30" 0.753875718100074 0.92932438759575 1.17995940301399 1.22235878441071
14 "MAR.C10" 0.837024758345087 0.923706495039116 0.937626078458079 0.968570794323643
14 "MCAR10.C10" 0.855581103343289 0.920786293567776 0.930318926679356 0.958119227259709
14 "MAR.C30" 0.776306938127232 0.924663775014553 1.01222527054428 1.04988750564278
14 "MCAR10.C30" 0.769700848705683 0.916752397330055 1.1722439668436 1.21264591594242
15 "MAR.C10" 0.881097869117069 0.951206608004647 0.98747413190076 1.01681466103447
15 "MCAR10.C10" 0.862685435976477 0.948951487189735 0.98385938038425 1.01054899410439
15 "MAR.C30" 0.83294738738846 0.949486645649638 1.11046498808134 1.14304748083196
15 "MCAR10.C30" 0.776539467991144 0.952972789158871 1.27076756180773 1.31996393250054
16 "MAR.C10" 0.82112450320188 0.891505361996992 0.885531978596035 0.91686368733561
16 "MCAR10.C10" 0.813048677600868 0.887217230003352 0.884655586577402 0.911566347211874
16 "MAR.C30" 0.761972508446409 0.887702088322026 0.929544126630823 0.967551161859314
16 "MCAR10.C30" 0.744770159244649 0.896622522742076 1.07936333647207 1.12151228420167
17 "MAR.C10" 0.792345176760731 0.866279692544451 0.87930634348606 0.903869377162807
17 "MCAR10.C10" 0.78714077808026 0.865246864623759 0.876790156818153 0.903100976254235
17 "MAR.C30" 0.754263780775233 0.868026924707407 0.973489707141909 1.01562191331253
17 "MCAR10.C30" 0.719032128130452 0.870277916059433 1.15367477826958 1.19942851894898
18 "MAR.C10" 0.860480924839692 0.965396576761323 0.985196549358578 1.01429817288055
18 "MCAR10.C10" 0.83949228999887 0.960930173295063 0.981564350786948 1.00720659585168
18 "MAR.C30" 0.816141568131216 0.967336362064613 1.10455149282043 1.14407519791856
18 "MCAR10.C30" 0.769924841416439 0.976469974581628 1.28435665214124 1.33168922437147
19 "MAR.C10" 0.907218363472241 1.01724868300286 1.02420756884994 1.05231640003895
19 "MCAR10.C10" 0.902084485326417 1.01688111307061 1.02763702969655 1.05764974828096
19 "MAR.C30" 0.839786303537024 1.01057639243028 1.09868125178975 1.13688260512101
19 "MCAR10.C30" 0.813905467933012 1.00958333928306 1.25106728875536 1.2938355466478
20 "MAR.C10" 0.863996941927916 0.942372005122899 0.959096696440165 0.99406270039872
20 "MCAR10.C10" 0.875770967952054 0.939213426659756 0.95664773950214 0.989584309713796
20 "MAR.C30" 0.830696731136225 0.939024597868362 1.0602057512244 1.10899036528635
20 "MCAR10.C30" 0.812058551229201 0.937226912098665 1.23104518024359 1.28163911678281
21 "MAR.C10" 0.813594091325625 0.902039128772623 0.93486953153163 0.963659727659062
21 "MCAR10.C10" 0.827836133922266 0.903365991010047 0.933913526853224 0.959362364120707
21 "MAR.C30" 0.753484554851025 0.901640843217119 1.06187834532243 1.09536537107519
21 "MCAR10.C30" 0.728817998411583 0.906108798915991 1.29012552483172 1.32622781522707
22 "MAR.C10" 0.885940160649003 0.967249994918439 0.981173649456622 1.00687052340514
22 "MCAR10.C10" 0.87876096254536 0.972096303525629 0.98330756725887 1.0076141677075
22 "MAR.C30" 0.826966528446958 0.971670532175259 1.0880418560863 1.12153888111714
22 "MCAR10.C30" 0.833539896180104 0.975142515796439 1.30474479210913 1.34726909317453
23 "MAR.C10" 0.854305702528295 0.953726990636216 0.961422663124046 0.996959548333821
23 "MCAR10.C10" 0.846357547170149 0.950055420762815 0.956113184435515 0.991326144333641
23 "MAR.C30" 0.786664650333728 0.956644553050965 1.0867955786903 1.13758565803391
23 "MCAR10.C30" 0.78848995483926 0.957047442104782 1.22898283179887 1.27875723618982
24 "MAR.C10" 0.788528645341321 0.850850377684528 0.874777865512046 0.90142333103002
24 "MCAR10.C10" 0.805620930097457 0.84882006667454 0.87621759129122 0.897738994690389
24 "MAR.C30" 0.761415358001729 0.853603394905172 1.01201991093319 1.05107265733137
24 "MCAR10.C30" 0.711590641046978 0.848629687521074 1.22899867879355 1.26520863942201
25 "MAR.C10" 0.890107871145812 1.02402452847665 1.04857712878444 1.08648622581686
25 "MCAR10.C10" 0.881179515161852 1.01901778247948 1.04483011519881 1.08172668642024
25 "MAR.C30" 0.846821981596699 1.0238928638446 1.1470687702638 1.19264763593815
25 "MCAR10.C30" 0.835421377607647 1.02847572190767 1.33509176646885 1.38868641266581
26 "MAR.C10" 0.869160041639109 0.936920293770683 0.952776254424117 0.986263238380197
26 "MCAR10.C10" 0.8518208423045 0.932702924015044 0.954107652836768 0.980278085419959
26 "MAR.C30" 0.783536853340274 0.942084224083382 1.03727901669572 1.07073735334851
26 "MCAR10.C30" 0.75342687487679 0.935629273204361 1.17299119697894 1.20943020732903
27 "MAR.C10" 0.833282772599234 0.919214494287622 0.92847806021217 0.960787769115109
27 "MCAR10.C10" 0.848814964235457 0.918970101599978 0.925192302541291 0.950995972003187
27 "MAR.C30" 0.816858515088333 0.920826600104602 0.983555735757862 1.02735390520293
27 "MCAR10.C30" 0.784160835975218 0.920363956066047 1.14050019612044 1.1922771619713
28 "MAR.C10" 0.819093862255423 0.876286152900441 0.89281608392144 0.921862154870653
28 "MCAR10.C10" 0.802527335327268 0.875648370915303 0.890437479106461 0.9149476903576
28 "MAR.C30" 0.763848951705283 0.876077428299782 1.00801131191621 1.04664427461765
28 "MCAR10.C30" 0.728107027660083 0.886347641834548 1.14029170596508 1.18924897948958
29 "MAR.C10" 0.808049208942297 0.895147360486906 0.911581096013957 0.943481229400228
29 "MCAR10.C10" 0.802541495621555 0.896060258972209 0.91267173133295 0.942602332334292
29 "MAR.C30" 0.793244145116692 0.898037276146298 0.999018258260301 1.04280490838414
29 "MCAR10.C30" 0.76245877127024 0.902920312991531 1.17486001419525 1.22448639815988
30 "MAR.C10" 0.820273095897698 0.894991069141363 0.886732389621929 0.917952025857833
30 "MCAR10.C10" 0.813568714472413 0.892625430621306 0.884441743066101 0.913771471264548
30 "MAR.C30" 0.797010902138534 0.920680088132996 0.981867742701426 1.0239772739689
30 "MCAR10.C30" 0.771219971727398 0.926842906843688 1.12833812229033 1.18012665549673
31 "MAR.C10" 0.764478642617284 0.834108603604723 0.843031640735469 0.869040112977053
31 "MCAR10.C10" 0.768726895110829 0.831155571867806 0.842770295163906 0.866043717501191
31 "MAR.C30" 0.735483888705794 0.835102920190264 0.989719718237212 1.02522972985549
31 "MCAR10.C30" 0.732481404850319 0.835416619837166 1.1947463857374 1.24696955274257
32 "MAR.C10" 0.825646931068072 0.90404909857973 0.910484605918927 0.943659749584652
32 "MCAR10.C10" 0.826256184331472 0.899166270277812 0.910620929792141 0.94217293144759
32 "MAR.C30" 0.78897149757541 0.90566748480861 1.01013300035356 1.05921060251811
32 "MCAR10.C30" 0.758389489632639 0.915458972339235 1.2145849342985 1.27952291973432
33 "MAR.C10" 0.742234712414309 0.819641287626314 0.834477060364105 0.866910698414416
33 "MCAR10.C10" 0.74053555369472 0.817171525175527 0.831946038368128 0.855033853388711
33 "MAR.C30" 0.706312469585941 0.823124347824394 0.919234264046315 0.952403606282126
33 "MCAR10.C30" 0.696112918594388 0.824485113438435 1.10320747746189 1.14285177556351
34 "MAR.C10" 0.833711005093977 0.931351169614924 0.945471557421944 0.976398350215278
34 "MCAR10.C10" 0.868829994867337 0.936046946237861 0.950993699193035 0.98346907121151
34 "MAR.C30" 0.816302745094945 0.927481729250293 1.04387128682525 1.08834489522807
34 "MCAR10.C30" 0.785072957912648 0.939447478488737 1.23894091256414 1.29510133144331
35 "MAR.C10" 0.787227901193753 0.857053799099878 0.874232759102529 0.908626478650084
35 "MCAR10.C10" 0.797846044685032 0.857659554993642 0.874814126613585 0.901992089416334
35 "MAR.C30" 0.741269352059123 0.856225423815804 0.996886972011033 1.03825775860206
35 "MCAR10.C30" 0.727818490761898 0.865458998131228 1.13879527748592 1.1863316437347
36 "MAR.C10" 0.809124286813148 0.894610212537367 0.903223337177457 0.933079092185926
36 "MCAR10.C10" 0.821846679139643 0.893216892579655 0.901690907936267 0.929268088761605
36 "MAR.C30" 0.789882792197961 0.894316952158807 0.991083571222359 1.03323227143068
36 "MCAR10.C30" 0.759379308783728 0.902323903223047 1.20695888916385 1.26145561196876
37 "MAR.C10" 0.906204434461366 0.982073713586735 0.994417917918628 1.0269664736523
37 "MCAR10.C10" 0.911827571211404 0.981973740418206 0.99626109042823 1.02557680908262
37 "MAR.C30" 0.832664671892431 0.983306780074326 1.09950297543173 1.14862126432035
37 "MCAR10.C30" 0.775472625741628 0.986689571900129 1.28735297466243 1.33133771754152
38 "MAR.C10" 0.83806560921733 0.903882320008219 0.912058036486082 0.940637836410705
38 "MCAR10.C10" 0.838630495233595 0.903707836534187 0.913816668288206 0.939087488379396
38 "MAR.C30" 0.77059591006321 0.906671044977101 1.03323738513738 1.07948582788168
38 "MCAR10.C30" 0.751072035675919 0.909144097491607 1.21672213385688 1.27063429866307
39 "MAR.C10" 0.80284370189819 0.91807690162832 0.931468496315725 0.965637376065052
39 "MCAR10.C10" 0.823780515150456 0.915121663070783 0.930033254186733 0.963459449270543
39 "MAR.C30" 0.765965398256701 0.91945042790109 1.01103002846619 1.05227393962607
39 "MCAR10.C30" 0.74183676637643 0.917267037492917 1.17386147655185 1.2153623646986
40 "MAR.C10" 0.785063619005968 0.861864022022771 0.893084539197095 0.913895930244514
40 "MCAR10.C10" 0.795096876531133 0.861097087194373 0.894346248775771 0.919866323313299
40 "MAR.C30" 0.748505729678279 0.865304578639455 0.993310525866968 1.02105758480397
40 "MCAR10.C30" 0.687388871424264 0.863392886440693 1.12473213478849 1.15755513031628
41 "MAR.C10" 0.789030366617514 0.849649372671814 0.874425169117523 0.902841448130867
41 "MCAR10.C10" 0.789803879655566 0.847181126058434 0.871575728666601 0.900889569525204
41 "MAR.C30" 0.738285389281575 0.845179587714652 0.988086426039536 1.0257198826324
41 "MCAR10.C30" 0.725041316779683 0.853520203718414 1.11823206217931 1.15860746838172
42 "MAR.C10" 0.812945381883347 0.907048183301389 0.937712474029352 0.961677414344945
42 "MCAR10.C10" 0.804590744777403 0.902858018947728 0.930593071245238 0.954068114321324
42 "MAR.C30" 0.752330561174303 0.904758194363394 1.06799998273083 1.10296521367516
42 "MCAR10.C30" 0.753095623397899 0.905815737188697 1.26901084106526 1.31185234519898
43 "MAR.C10" 0.883927282353818 0.961641906085415 0.968684309414139 1.00014207086892
43 "MCAR10.C10" 0.896890545846378 0.959561028826765 0.971915638761621 1.00415008526856
43 "MAR.C30" 0.860218187632807 0.970811820864441 1.0645725589101 1.11394793036899
43 "MCAR10.C30" 0.806157233780145 0.974890181104816 1.28308924354115 1.33194531004958
44 "MAR.C10" 0.895976997933478 0.99553403537854 1.02393063131871 1.06245241486526
44 "MCAR10.C10" 0.904590246393334 0.990326072739213 1.0207621820892 1.05536393231871
44 "MAR.C30" 0.859470234309881 0.997658333576726 1.16707931767333 1.21412741646851
44 "MCAR10.C30" 0.80634070440223 0.997005874252965 1.34719322883711 1.39537596730114
45 "MAR.C10" 0.841738336152935 0.941914132387283 0.952665583015031 0.987765699426773
45 "MCAR10.C10" 0.825773069220894 0.940368883898415 0.95618581243772 0.989456030182233
45 "MAR.C30" 0.767484269697446 0.944915050871757 1.05514871285221 1.09635166752361
45 "MCAR10.C30" 0.776483586564501 0.947446056831219 1.2037245307703 1.2490622895598
46 "MAR.C10" 0.850031484131534 0.939766522854628 0.949579557855828 0.982010877844695
46 "MCAR10.C10" 0.848312307567508 0.937670559518101 0.950091107570839 0.980001323390118
46 "MAR.C30" 0.786476541335921 0.938461671669595 1.05113722327299 1.09103599024062
46 "MCAR10.C30" 0.783095802821972 0.943448962564836 1.26825759597258 1.31626209655483
47 "MAR.C10" 0.927644919536816 0.971960370318482 0.98508157309013 1.02168228681363
47 "MCAR10.C10" 0.924471470117972 0.971211120019184 0.982949793153751 1.02150909073225
47 "MAR.C30" 0.861155850989529 0.969033590171341 1.08456536512709 1.12867476813673
47 "MCAR10.C30" 0.820455947355669 0.972845263770304 1.26405507154453 1.31476985731104
48 "MAR.C10" 0.779093401520333 0.851640294267363 0.863908581836198 0.89168592208547
48 "MCAR10.C10" 0.799088331730867 0.85062923635469 0.863677524777815 0.891403354896206
48 "MAR.C30" 0.744666793307399 0.858064446660589 0.947429899376882 0.982979462649782
48 "MCAR10.C30" 0.708306765040743 0.857382640422596 1.13653873168196 1.17755202933633
49 "MAR.C10" 0.902101316462374 0.975983475705162 1.00167087834626 1.03028020067892
49 "MCAR10.C10" 0.90163865076686 0.973519860539179 0.998846654569234 1.02486962156735
49 "MAR.C30" 0.83949553773179 0.980176466499389 1.1228916108983 1.15917244217401
49 "MCAR10.C30" 0.843127582393815 0.975830821235811 1.26730543892607 1.3126164010977
50 "MAR.C10" 0.881369576820499 0.951608263274826 0.9789334504635 1.01062749487513
50 "MCAR10.C10" 0.885895547941059 0.94759315562181 0.97911353175184 1.00547881216902
50 "MAR.C30" 0.838779147221346 0.955093948471122 1.10521429718771 1.14106106076791
50 "MCAR10.C30" 0.769818044710864 0.96035618994733 1.27146139758876 1.31198937620653
51 "MAR.C10" 0.806468794385641 0.892119108633879 0.90937007104175 0.940199050809671
51 "MCAR10.C10" 0.809028291825447 0.889592295076659 0.90404443473827 0.930383488317004
51 "MAR.C30" 0.77303380767697 0.88921744340027 1.01262883024559 1.04516638812055
51 "MCAR10.C30" 0.748481562759985 0.88761760092501 1.15957806296479 1.20035735116414
52 "MAR.C10" 0.886846619303973 0.992095935060682 0.996407793900035 1.03348483110785
52 "MCAR10.C10" 0.88405191557112 0.988374036530344 0.993170369869667 1.02491783966377
52 "MAR.C30" 0.817057094062961 0.994532714720884 1.11469353171 1.16215616968896
52 "MCAR10.C30" 0.811223227711397 0.996046090646707 1.26310702697999 1.31270148155199
53 "MAR.C10" 0.772857322522156 0.8563330476918 0.872440335058578 0.892642337220211
53 "MCAR10.C10" 0.789538653699246 0.855536046278762 0.873674043548493 0.899278559803091
53 "MAR.C30" 0.761790244416573 0.857714538125253 0.991562020033971 1.02254165032992
53 "MCAR10.C30" 0.743394090433004 0.851808468597829 1.13162096831481 1.16985830328796
54 "MAR.C10" 0.768510890695784 0.856033198009128 0.881609487584366 0.909969010036507
54 "MCAR10.C10" 0.793601734420205 0.857750900176974 0.882434258455496 0.911280109103838
54 "MAR.C30" 0.763717223696294 0.862041357794506 1.07544753402959 1.11212859469676
54 "MCAR10.C30" 0.71331925045247 0.861193680397794 1.20234167189719 1.2428642239344
55 "MAR.C10" 0.808100113221266 0.891435897879095 0.903986028011071 0.936365836896523
55 "MCAR10.C10" 0.809118713247197 0.8863049439245 0.901104710611696 0.926518041050073
55 "MAR.C30" 0.720579757842502 0.885706655104054 1.01240509769122 1.04623515942366
55 "MCAR10.C30" 0.741070339715204 0.891267170158974 1.14937368540299 1.19294635845796
56 "MAR.C10" 0.830922289875723 0.927336925562596 0.954025303049561 0.97923833360918
56 "MCAR10.C10" 0.840163482489406 0.930219566477235 0.954457607616214 0.979354517852292
56 "MAR.C30" 0.821466340040413 0.932289628105961 1.09594301921213 1.13842588707024
56 "MCAR10.C30" 0.781137012530652 0.928801885611495 1.28468586833162 1.32539549723023
57 "MAR.C10" 0.877883687137572 0.973140509829964 0.972685033061034 1.00361280926452
57 "MCAR10.C10" 0.890301147443315 0.969045386462471 0.968340139002869 0.99646090879872
57 "MAR.C30" 0.841481139644164 0.967710833185574 1.04356465327488 1.08772364585729
57 "MCAR10.C30" 0.81649347077628 0.972483433031586 1.21628947079703 1.263212738566
58 "MAR.C10" 0.787526719350227 0.878578350481776 0.894071872552822 0.921158456363333
58 "MCAR10.C10" 0.794542900482638 0.877815691190356 0.889644267515345 0.915164476694274
58 "MAR.C30" 0.770052541834722 0.880989327996841 0.966725740017269 1.0018481770564
58 "MCAR10.C30" 0.774249061907575 0.887861099725312 1.12479745426699 1.16195368532493
59 "MAR.C10" 0.726167569406612 0.805375661638939 0.81290919307904 0.838516243037718
59 "MCAR10.C10" 0.731306292234774 0.803662191591921 0.811717468446642 0.832954064178351
59 "MAR.C30" 0.729292886914173 0.826912231807157 0.89297941357242 0.927715331284931
59 "MCAR10.C30" 0.685020995434069 0.816494677593793 1.04572577372945 1.07854066136525
60 "MAR.C10" 0.918359702910974 1.01450442755651 1.03132952043113 1.06503972894797
60 "MCAR10.C10" 0.919564896178163 1.01438805874283 1.03304370506051 1.06199147786156
60 "MAR.C30" 0.835092834581473 1.01233617378869 1.10344603431877 1.14102536021248
60 "MCAR10.C30" 0.829165179853152 1.01208788061575 1.23650695329398 1.2817280644015
61 "MAR.C10" 0.820779923181943 0.901164984523086 0.918675312343281 0.942754124230136
61 "MCAR10.C10" 0.804221659637388 0.899092871081112 0.920005593104217 0.942237337987607
61 "MAR.C30" 0.756703380981706 0.902734177596393 1.04232141787798 1.07005910846053
61 "MCAR10.C30" 0.741081346765818 0.904159768311824 1.20775201626977 1.24256941545344
62 "MAR.C10" 0.802155139819694 0.892814582976485 0.929447319921826 0.95240163225638
62 "MCAR10.C10" 0.815312849038999 0.891031084877455 0.928315601981489 0.947813006766346
62 "MAR.C30" 0.76636803854246 0.899499972192041 1.08643278821601 1.12097468595325
62 "MCAR10.C30" 0.754910242708407 0.9025612627772 1.28012214728264 1.31202209288959
63 "MAR.C10" 0.845762737653796 0.937073224301925 0.945145340412345 0.978336806854206
63 "MCAR10.C10" 0.854430109939027 0.937184618638713 0.94566192799947 0.977304865473406
63 "MAR.C30" 0.765763180902354 0.936857876432268 1.04426924109999 1.09232538509358
63 "MCAR10.C30" 0.786598515360165 0.954864836099528 1.17947291581984 1.22767043735963
64 "MAR.C10" 0.87048044334902 0.94209107727257 0.967432944573619 1.00269024776911
64 "MCAR10.C10" 0.873108178670756 0.940057420327129 0.964668095855155 0.997673154349355
64 "MAR.C30" 0.815476643146212 0.940149457589851 1.07738804239803 1.12460120007178
64 "MCAR10.C30" 0.780229335233831 0.935351637728433 1.26507065213629 1.31512363843294
65 "MAR.C10" 0.797615668850174 0.870122601143638 0.878794886069543 0.907377398405957
65 "MCAR10.C10" 0.796931604045125 0.871608016764413 0.876838287316434 0.901667502240193
65 "MAR.C30" 0.746682972561748 0.86799799754977 0.965878592785829 0.996095743033056
65 "MCAR10.C30" 0.727057653465761 0.868621155430363 1.15005584511603 1.18895546847623
66 "MAR.C10" 0.832216385494192 0.912987010389321 0.918092350230919 0.94861329669163
66 "MCAR10.C10" 0.853340985805221 0.907155084867056 0.911425924221518 0.934528465346192
66 "MAR.C30" 0.763500084700203 0.90741769055327 1.03811960856537 1.07516510089956
66 "MCAR10.C30" 0.73845738272225 0.906509801404451 1.16732627769959 1.20181921114157
67 "MAR.C10" 0.816071311898187 0.89237691525845 0.921853295605949 0.945430674088939
67 "MCAR10.C10" 0.793867977354226 0.888776456213031 0.922136973370574 0.947336859850523
67 "MAR.C30" 0.756626964617096 0.892654913020371 1.04230643420382 1.07604855740755
67 "MCAR10.C30" 0.765397828489487 0.890690688306841 1.17641908552547 1.21161813274434
68 "MAR.C10" 0.722926083974329 0.788490062675931 0.806133316923794 0.824967402965811
68 "MCAR10.C10" 0.736070984055994 0.784833287613604 0.801649643056154 0.816385149023367
68 "MAR.C30" 0.690336320108835 0.78699809586271 0.904968379446146 0.933203544810412
68 "MCAR10.C30" 0.67897925579653 0.787822911862316 1.07974704629747 1.11881905556661
69 "MAR.C10" 0.9122842962316 1.03061039734207 1.04641762674786 1.08381799162068
69 "MCAR10.C10" 0.916734713660875 1.03721413321315 1.04994828363958 1.09192804660435
69 "MAR.C30" 0.873703282808615 1.04295223029853 1.14034971908578 1.1904474127867
69 "MCAR10.C30" 0.827014664564126 1.05748930450093 1.2814128077175 1.34162346173359
70 "MAR.C10" 0.876591062604298 0.948378554271824 0.962041246653393 0.991198971663606
70 "MCAR10.C10" 0.849022938186768 0.947582803440873 0.95948254950173 0.98845621424019
70 "MAR.C30" 0.790668840109487 0.945260715814034 1.05326646329909 1.08499338716374
70 "MCAR10.C30" 0.784543307201485 0.950420352366265 1.17256478924195 1.21460968827544
71 "MAR.C10" 0.867259604797417 0.967356282118812 0.997434654165909 1.02726417666155
71 "MCAR10.C10" 0.863561722231301 0.973314200672522 1.0041202829674 1.03304383389248
71 "MAR.C30" 0.865179252661301 0.973969213156966 1.12770678392865 1.16946262448744
71 "MCAR10.C30" 0.818401671037188 0.970725821741603 1.25674410575745 1.29793949721311
72 "MAR.C10" 0.853896672214099 0.951837448036353 0.975269287355964 1.00457305419097
72 "MCAR10.C10" 0.863369800905553 0.947658318328103 0.972243051654151 0.998381135196493
72 "MAR.C30" 0.790247084630393 0.95266777521052 1.12140268789485 1.15195820658418
72 "MCAR10.C30" 0.775814188367633 0.957234548764096 1.3570156059024 1.39881657088866
73 "MAR.C10" 0.857237794473175 0.926873068561356 0.926271803942177 0.963839688892043
73 "MCAR10.C10" 0.867931574257263 0.926576393783386 0.926491303969895 0.955891154323803
73 "MAR.C30" 0.834261097385495 0.931890195665384 0.967052255959171 1.00603185020393
73 "MCAR10.C30" 0.771760926113024 0.938168154393933 1.11692539583409 1.1660209301887
74 "MAR.C10" 0.862235138306696 0.962513821267881 0.990300296342636 1.02782245279321
74 "MCAR10.C10" 0.880705571428598 0.965852994446118 0.987927110108627 1.02917279355051
74 "MAR.C30" 0.810667197620147 0.961067723531025 1.12673683919369 1.17158657126643
74 "MCAR10.C30" 0.790114766376487 0.965621225725391 1.31933763428829 1.36963270697658
75 "MAR.C10" 0.869659322330958 0.960077347299228 0.987380449908012 1.01857449864372
75 "MCAR10.C10" 0.868408021152526 0.95613797606688 0.978733172628602 1.01106366167553
75 "MAR.C30" 0.82837445852276 0.956881891275002 1.07761258101934 1.12098277043333
75 "MCAR10.C30" 0.814973856212247 0.966142897633292 1.34942750326496 1.40403617456781
76 "MAR.C10" 0.853039641828545 0.930939814326918 0.948961344380979 0.979591919868708
76 "MCAR10.C10" 0.835850709203196 0.929666917103991 0.944721271393381 0.973599779150977
76 "MAR.C30" 0.787494676716671 0.934579537108686 1.05803106512318 1.09803751714755
76 "MCAR10.C30" 0.762642297637863 0.943472261702521 1.25597105822262 1.30139196746851
77 "MAR.C10" 0.90675987797897 0.981442751187464 0.995486139262971 1.02675542069566
77 "MCAR10.C10" 0.883841712620948 0.983983042585498 0.995737228984724 1.02643780797931
77 "MAR.C30" 0.861570339946861 0.981833568451911 1.06440718014635 1.09822455036377
77 "MCAR10.C30" 0.826986007620692 0.987223045448122 1.24817703325973 1.30818142912206
78 "MAR.C10" 0.794583301137745 0.868297198064721 0.870690321685307 0.897360576735858
78 "MCAR10.C10" 0.782758848200405 0.866941605976482 0.872275447871758 0.900793261323829
78 "MAR.C30" 0.742849778526371 0.866249034032744 0.980560694032856 1.01342813635099
78 "MCAR10.C30" 0.707294825309795 0.861821750757089 1.14463144665824 1.1925355068581
79 "MAR.C10" 0.787501033027439 0.887803855454572 0.910720653235457 0.938986462638631
79 "MCAR10.C10" 0.810603256916022 0.888479208693956 0.905909332861625 0.936484865640603
79 "MAR.C30" 0.74878067213711 0.892572969770827 1.07271178113433 1.11403399295725
79 "MCAR10.C30" 0.72948547967879 0.893435407461448 1.25934523940004 1.31476321993277
80 "MAR.C10" 0.835980576757155 0.939826825819441 0.950312855754876 0.975044190358276
80 "MCAR10.C10" 0.844558732321041 0.940046047986634 0.950549270481604 0.973894963325288
80 "MAR.C30" 0.78766470470597 0.940304881373586 1.01252996046512 1.0495322687315
80 "MCAR10.C30" 0.747777785970181 0.939595292029718 1.17177454737966 1.20700652201219
81 "MAR.C10" 0.885028699374817 0.976026398002175 0.993375637292336 1.02901133699149
81 "MCAR10.C10" 0.888592386311641 0.979292844821799 0.999124886622972 1.02842687552515
81 "MAR.C30" 0.812594507806682 0.97296956425259 1.08073516717877 1.11984990410577
81 "MCAR10.C30" 0.777419933454445 0.978092879171325 1.25246526626622 1.29537916325411
82 "MAR.C10" 0.864947671122094 0.975599423845584 0.981744529049258 1.01219661659201
82 "MCAR10.C10" 0.880011933215351 0.971549019141458 0.981724245297097 1.00911864248046
82 "MAR.C30" 0.821531607588701 0.971587174792646 1.06444587409302 1.102792557728
82 "MCAR10.C30" 0.793611090213967 0.977530513461663 1.21134816240322 1.24983377164104
83 "MAR.C10" 0.772490714374558 0.86192539580537 0.888979113702373 0.921252745615462
83 "MCAR10.C10" 0.78084210056813 0.859393130288839 0.885688545715546 0.911351883322282
83 "MAR.C30" 0.717601472149032 0.861501861588121 1.0074043908359 1.04357644230738
83 "MCAR10.C30" 0.697786251472075 0.86929874023529 1.19777092420832 1.24513118096887
84 "MAR.C10" 0.792047240599699 0.877279144436044 0.892547904891513 0.918962131457261
84 "MCAR10.C10" 0.830351623453768 0.87489957426046 0.889022774205255 0.91149553175644
84 "MAR.C30" 0.770538151240434 0.879883271655528 1.01902989727311 1.06004488778062
84 "MCAR10.C30" 0.730929685348672 0.878932660943551 1.20148866004692 1.24684435010589
85 "MAR.C10" 0.823180352705981 0.901775938234986 0.925661160419139 0.960211365020598
85 "MCAR10.C10" 0.828134717796872 0.896525725131401 0.926377416968003 0.957891990083302
85 "MAR.C30" 0.784787266574543 0.897735551213052 1.05019827423638 1.09871896867162
85 "MCAR10.C30" 0.759297247666286 0.898319593456214 1.22455931550899 1.2664847021458
86 "MAR.C10" 0.914876865299228 0.97884513356185 0.989964132286165 1.02877174260397
86 "MCAR10.C10" 0.92199017505929 0.978010945201265 0.989920696467978 1.02421623048492
86 "MAR.C30" 0.821869137677476 0.981473029930918 1.13006493823766 1.18679424997659
86 "MCAR10.C30" 0.802103434282196 0.97911491831334 1.32213882544918 1.37415826739642
87 "MAR.C10" 0.765001305340333 0.821773160268353 0.830736588258436 0.85238331948129
87 "MCAR10.C10" 0.757095755604392 0.823195152831811 0.831174550636033 0.853242592306948
87 "MAR.C30" 0.712070439340242 0.823626019445757 0.937412378405832 0.978611359541244
87 "MCAR10.C30" 0.693301918468507 0.825290983480452 1.15100699935301 1.19586995492705
88 "MAR.C10" 0.823827011356378 0.900095738889084 0.911077673073919 0.934947900129543
88 "MCAR10.C10" 0.832714178843778 0.89984098147874 0.910964694888299 0.935718019937979
88 "MAR.C30" 0.795191893710243 0.910935305376277 0.96695599262648 1.00153306672348
88 "MCAR10.C30" 0.770621830365656 0.905368284770686 1.12956290152368 1.16851381139499
89 "MAR.C10" 0.745928200370923 0.822951850494855 0.85171737104279 0.880221743947501
89 "MCAR10.C10" 0.742709249409825 0.819364237680527 0.85224967001906 0.878453284230717
89 "MAR.C30" 0.726886288641295 0.825362939084408 1.01913418395441 1.05438600002538
89 "MCAR10.C30" 0.694609232642103 0.830053960578179 1.21025867514875 1.24372902945311
90 "MAR.C10" 0.778910650170812 0.856060881559288 0.864126232635582 0.890473927246893
90 "MCAR10.C10" 0.799244708811196 0.855804022854241 0.861084423962029 0.889732739634746
90 "MAR.C30" 0.746793681351866 0.856187837020102 0.963059806750199 1.00157097504168
90 "MCAR10.C30" 0.73182945445634 0.853777433010809 1.14293996464809 1.19007713886077
91 "MAR.C10" 0.82201142640167 0.914881969264441 0.960219331985864 0.990275410852677
91 "MCAR10.C10" 0.837089744096459 0.91228338096344 0.956708113897308 0.980545701654869
91 "MAR.C30" 0.780887604888781 0.920402780598239 1.10066630227349 1.13565851554443
91 "MCAR10.C30" 0.777868023926881 0.914867300192895 1.2847159022274 1.3166447548733
92 "MAR.C10" 0.793816196357473 0.870957172971695 0.882106538152652 0.92188433166801
92 "MCAR10.C10" 0.804484184668962 0.870928484174698 0.88200071249918 0.910669152348888
92 "MAR.C30" 0.774709249218969 0.873282581568358 0.97234520470739 1.01340546274395
92 "MCAR10.C30" 0.733417603782467 0.874263168727969 1.12233579221298 1.17196831646195
93 "MAR.C10" 0.828442589328995 0.887166375051721 0.902073105740094 0.932386253357169
93 "MCAR10.C10" 0.818371191742564 0.886242045311466 0.898678481101133 0.923508241781479
93 "MAR.C30" 0.760131113920046 0.88445887846145 0.983308005919588 1.01767661770307
93 "MCAR10.C30" 0.725414224012041 0.883985981978675 1.13698464206084 1.16666107291637
94 "MAR.C10" 0.855354158733018 0.935269139069377 0.953021072338654 0.977063912568163
94 "MCAR10.C10" 0.859968952281616 0.936445785282029 0.950360151373125 0.974151725504482
94 "MAR.C30" 0.822630831736896 0.935632657094129 1.04666286411389 1.08481469219793
94 "MCAR10.C30" 0.776454299488881 0.947004218240628 1.26098184516372 1.30067089477412
95 "MAR.C10" 0.853831863355952 0.955547686258212 0.971017563347592 1.00132058471842
95 "MCAR10.C10" 0.873297109157044 0.960381661435923 0.976131802914402 1.00570620532046
95 "MAR.C30" 0.813327378086825 0.954874192592097 1.08151902346581 1.11491219555942
95 "MCAR10.C30" 0.810822956141025 0.962406125004099 1.2230337353758 1.26836289885282
96 "MAR.C10" 0.866437483152644 0.947093930362933 0.96425143598 0.990523516986169
96 "MCAR10.C10" 0.866642999684087 0.951102510620493 0.963939874208756 0.99182654162502
96 "MAR.C30" 0.811138408855406 0.953303985422025 1.04516691895445 1.08642436862733
96 "MCAR10.C30" 0.775457765205149 0.965000217027736 1.22896851305117 1.27520741502309
97 "MAR.C10" 0.85802042915644 0.931450270367788 0.936136854501901 0.962814766979255
97 "MCAR10.C10" 0.870413785652213 0.929297845753132 0.93791425315904 0.963264714607442
97 "MAR.C30" 0.810795105142127 0.928446227337628 1.02813126791239 1.06350285929847
97 "MCAR10.C30" 0.787360915827221 0.936652599300841 1.17386639635445 1.2131486884383
98 "MAR.C10" 0.910772416801874 1.00444286835463 1.0341532035527 1.06668817629202
98 "MCAR10.C10" 0.913311048964766 1.00838196371611 1.03615910058235 1.07020242538641
98 "MAR.C30" 0.841400838429646 1.00553282099313 1.17337033749547 1.21538106267486
98 "MCAR10.C30" 0.833594049628515 1.0002105280487 1.33483523814249 1.37758309570215
99 "MAR.C10" 0.858933735696466 0.925227088401931 0.946929762956863 0.975246632576076
99 "MCAR10.C10" 0.868611050099357 0.920658613555622 0.942884865462749 0.96845268278859
99 "MAR.C30" 0.805841590742052 0.91833572335546 1.05390459195192 1.08977928925411
99 "MCAR10.C30" 0.778173861570985 0.925985085508788 1.25450004562466 1.29977826623085
100 "MAR.C10" 0.850505872936167 0.959788606177393 0.981173751631424 1.0171082208328
100 "MCAR10.C10" 0.862346842737293 0.959956198608635 0.97737558982228 1.01011999171373
100 "MAR.C30" 0.83119162351564 0.973447220450058 1.08725103114195 1.132202152322
100 "MCAR10.C30" 0.81962242871383 0.975153065705874 1.24061967730259 1.29212732249829
101 "MAR.C10" 0.847914717600644 0.943601187193984 0.960942781028922 0.986368256683359
101 "MCAR10.C10" 0.825517068296796 0.942969528970375 0.962849169813961 0.991338722017506
101 "MAR.C30" 0.79191355555494 0.941480158017085 1.08875258698359 1.12715359084307
101 "MCAR10.C30" 0.79312913558343 0.948177565003073 1.20826502171831 1.25530308423651
102 "MAR.C10" 0.881798074574006 0.996939493090195 1.00419017202587 1.03784936348402
102 "MCAR10.C10" 0.903938173597216 0.992391055687151 1.00260911697656 1.03352132937596
102 "MAR.C30" 0.84694493681903 0.996777029654839 1.11286966112216 1.15722176327995
102 "MCAR10.C30" 0.813558683789293 0.998417749622737 1.27743605853585 1.32932925823012
103 "MAR.C10" 0.808490443452647 0.900985972175928 0.915117988168677 0.946949759223205
103 "MCAR10.C10" 0.806716245964081 0.898382698899631 0.912622625843975 0.936237780806354
103 "MAR.C30" 0.777205203606281 0.899459748395701 0.990339300824783 1.02466057035228
103 "MCAR10.C30" 0.768330358379502 0.902036566463998 1.16721237766172 1.21442235452199
104 "MAR.C10" 0.840560308333836 0.924356902223608 0.932996600038381 0.961226778658404
104 "MCAR10.C10" 0.850441902051978 0.92357086579383 0.934360408308628 0.963096224521892
104 "MAR.C30" 0.78024440818115 0.924444719913642 1.05294474315679 1.09897915562766
104 "MCAR10.C30" 0.784571926967208 0.923474600058164 1.22309246366393 1.26141392502572
105 "MAR.C10" 0.862693945738297 0.968874689476435 0.980231897330984 1.00754003542595
105 "MCAR10.C10" 0.88735752200304 0.974145801423149 0.98546784927513 1.01605012526299
105 "MAR.C30" 0.836947812568316 0.969580812320121 1.08526202620628 1.13002237373682
105 "MCAR10.C30" 0.799354146531485 0.971800976600454 1.26914176807869 1.31108128327983
106 "MAR.C10" 0.84235248780546 0.927172076884748 0.94124150870675 0.970466374129457
106 "MCAR10.C10" 0.841817332536574 0.921730389572449 0.935673054955045 0.964538050347048
106 "MAR.C30" 0.777897733549599 0.927013417524472 1.02849977644211 1.0617566594351
106 "MCAR10.C30" 0.746397846838359 0.924304177825912 1.21947812775634 1.25985578781152
107 "MAR.C10" 0.778947688332756 0.862933475983478 0.869557742844412 0.895003440869637
107 "MCAR10.C10" 0.788719921863729 0.860956638635404 0.866907081051148 0.893177795433995
107 "MAR.C30" 0.755162099928626 0.866297303052605 0.968852742777599 1.00514946693653
107 "MCAR10.C30" 0.738338034042934 0.862896822317847 1.13872352544404 1.18038580371831
108 "MAR.C10" 0.760632779106965 0.847190860845557 0.858026480887236 0.881514956150939
108 "MCAR10.C10" 0.769860122793823 0.846745609291588 0.856193034331759 0.878816467738076
108 "MAR.C30" 0.72909442355105 0.857159449123836 0.958171406427001 0.991335334003405
108 "MCAR10.C30" 0.721196235453078 0.856969159810587 1.11885876683377 1.1588931762685
109 "MAR.C10" 0.792713193022073 0.882023518938721 0.901051867900412 0.93193002201873
109 "MCAR10.C10" 0.804887670983906 0.883232938890424 0.907655304057518 0.938871382205998
109 "MAR.C30" 0.741322161976169 0.87913778384405 1.01459049469797 1.05509922887409
109 "MCAR10.C30" 0.703044534137338 0.878156336079462 1.18848968948582 1.23350969031866
110 "MAR.C10" 0.7927096254858 0.847533110243392 0.86625960367703 0.893228103689008
110 "MCAR10.C10" 0.801743888368829 0.845555475320241 0.867658413833369 0.898084431224303
110 "MAR.C30" 0.725475934060233 0.852347533909999 1.00294378475413 1.04717968313307
110 "MCAR10.C30" 0.687942854112368 0.844473855618964 1.17073636228738 1.20758233133742
51 "MAR.C50" 0.737579154506023 0.884111815719682 1.62296444940951 1.72318812051487
51 "MCAR10.C50" 0.730054228930372 0.880066487175311 1.61429082970221 2.61372708504914
52 "MAR.C50" 0.707068258801236 1.24547460017705 1.54520647833723 2.2884363792427
52 "MCAR10.C50" 0.732254870849423 0.863566583474357 1.54168897487157 1.81118974532824
53 "MAR.C50" 0.713020698736735 0.901201946725573 1.63619904487531 2.48867864108013
53 "MCAR10.C50" 0.720719208020247 0.904274343140724 1.63358241963114 2.46347860427019
54 "MAR.C50" 0.781715809030279 0.958678350247196 1.7368264026634 1.78833880064301
54 "MCAR10.C50" 0.763420742430656 0.953767514731511 1.74017101688796 2.34987976597626
55 "MAR.C50" 0.800391034780778 0.983565720059157 1.91296469361672 2.73166270350639
55 "MCAR10.C50" 0.822075173393618 0.986884306041858 1.91126904819054 2.75462510876279
56 "MAR.C50" 0.71937379802859 0.872497651180025 1.64965494349639 2.35224451211652
56 "MCAR10.C50" 0.719579850924663 0.873276467947108 1.65396738130973 2.35490480087105
57 "MAR.C50" 0.776907727538383 0.928849121195402 1.69433174021369 2.44913852979748
57 "MCAR10.C50" 0.784391019578434 1.21377358178616 1.69122250198212 2.33922572368282
58 "MAR.C50" 0.814384553390732 1.0456745568952 1.90048114647449 2.64188093499772
58 "MCAR10.C50" 0.797862847024617 1.04466722538481 1.90901528377818 2.6272099442596
59 "MAR.C50" 0.721983310173431 0.907870701178906 1.6660800888911 2.35643065018896
59 "MCAR10.C50" 0.718270392173746 0.911405021587134 1.66055314902976 2.00345840924513
60 "MAR.C50" 0.808276647978356 1.03444119094007 1.72047508886089 2.49122836050077
60 "MCAR10.C50" 0.82811081351919 1.03004846636019 1.72069457030956 2.26702748436342
61 "MAR.C50" 0.757015680414774 0.93491740428826 1.61007095039486 1.66668644400377
61 "MCAR10.C50" 0.750444566974233 0.927514880998128 1.604396445905 1.94522271701749
62 "MAR.C50" 0.738732856189317 0.935449394373428 1.59695160420989 2.1329909432432
62 "MCAR10.C50" 0.735447832947972 0.922067483840077 1.59511253506795 1.83831398577481
63 "MAR.C50" 0.69930946283645 0.89755757687065 1.76480681116054 2.54632687444483
63 "MCAR10.C50" 0.725889214294782 0.900547403031505 1.76195231648271 2.47293387194145
64 "MAR.C50" 0.763147963435845 0.959743171057631 1.68169635118125 1.90081284701912
64 "MCAR10.C50" 0.785795526593105 1.27540666550901 1.68448878341147 2.33225200233448
65 "MAR.C50" 0.799593691130293 0.97998968454763 1.69104996267183 1.9210882905129
65 "MCAR10.C50" 0.806210407024801 0.975986609884823 1.69437360737322 1.89282767356162
66 "MAR.C50" 0.747810358043821 0.935221167399904 1.65884757111687 2.371416288152
66 "MCAR10.C50" 0.737113242807469 0.930897868667021 1.65678217201961 2.196278819454
67 "MAR.C50" 0.722105887356004 0.933560994931083 1.77280548387158 2.5733556341004
67 "MCAR10.C50" 0.731159275998954 0.937100967114154 1.77115840236492 2.54189578145804
68 "MAR.C50" 0.731712490461425 0.937382418203029 1.66612361678755 2.21666405707065
68 "MCAR10.C50" 0.754963634173638 1.31128196507605 1.66406964482288 2.27655207539492
69 "MAR.C50" 0.778461696277205 1.25942129112891 1.77101227993023 2.43122175114976
69 "MCAR10.C50" 0.790754210189244 0.985766906777553 1.78299518561122 2.41217122990521
70 "MAR.C50" 0.722120612975984 0.892725340850073 1.62885604802708 2.28886337776568
70 "MCAR10.C50" 0.724180548945626 0.887070082656768 1.62111718917099 2.33916934365464
71 "MAR.C50" 0.752804845896359 0.964652344668465 1.80333151048744 2.41283167611199
71 "MCAR10.C50" 0.769407926589675 0.975477602003565 1.79980806376781 2.50319426964221
72 "MAR.C50" 0.702451702076266 0.891195559535494 1.64864106477421 2.2744711221739
72 "MCAR10.C50" 0.72373121518894 0.89901109555609 1.65216422147414 1.94715629590147
73 "MAR.C50" 0.902600857715003 1.10195281029033 2.03670840546671 2.93132110257296
73 "MCAR10.C50" 0.865806565113851 1.08351414466709 2.02951680228961 2.58561564778765
74 "MAR.C50" 0.721883350415054 0.879944208808946 1.6013564576897 2.3730889473087
74 "MCAR10.C50" 0.715613816306511 0.877652553698417 1.59976189515284 1.99416974296998
75 "MAR.C50" 0.70235863991107 0.8752242339685 1.60263468678177 2.02035403907579
75 "MCAR10.C50" 0.719975917867127 0.87310763347614 1.60332581381651 2.42259696645589
76 "MAR.C50" 0.811328567073118 0.99772043837195 1.61524636140672 2.27628263045489
76 "MCAR10.C50" 0.810753401274532 0.994231008134588 1.60934924290294 2.46272240621801
77 "MAR.C50" 0.735200812967339 0.896402004177034 1.71407280297217 2.40761504429448
77 "MCAR10.C50" 0.733624332755556 0.900094973211443 1.71282044440642 2.45721884647513
78 "MAR.C50" 0.71164298039701 1.1455269384571 1.45541603971852 2.22691751238081
78 "MCAR10.C50" 0.706751179845127 0.888303697592592 1.45295120622569 2.18828705049232
79 "MAR.C50" 0.752366913898513 0.923098458491823 1.6841427352378 1.85097744129444
79 "MCAR10.C50" 0.734474785339418 0.918642845365924 1.67393927045217 1.78455042799374
80 "MAR.C50" 0.814523098702021 1.01257376728302 1.70843071168139 1.85521766789122
80 "MCAR10.C50" 0.817092587061364 1.00835173081154 1.68955611026688 2.09423366801627
81 "MAR.C50" 0.786528486153777 0.961301819020966 1.76772597158406 2.04630431063142
81 "MCAR10.C50" 0.774144351823416 0.951196309751077 1.76091440370578 2.37674901896949
82 "MAR.C50" 0.711512618491509 0.902164365129723 1.74785677899955 2.67698217307168
82 "MCAR10.C50" 0.726295202641423 0.898269957739067 1.75123824022395 2.6157938711369
83 "MAR.C50" 0.737176895661935 0.890622971166555 1.63610263186582 2.27955786705704
83 "MCAR10.C50" 0.733694898995381 0.882667464370578 1.63772226937265 1.92098083297401
84 "MAR.C50" 0.754676805365006 0.928487552036589 1.80519084753108 2.00403374284436
84 "MCAR10.C50" 0.762304062412827 0.928951385640919 1.80417018357684 2.00386802034982
85 "MAR.C50" 0.743764083899946 0.923785545385762 1.64483705998781 1.92975096601648
85 "MCAR10.C50" 0.757506914107705 1.42317816068261 1.64588360983183 2.53456907749422
86 "MAR.C50" 0.788265012245141 0.997683351455 1.7763704900666 2.55784460197322
86 "MCAR10.C50" 0.802224314527376 1.0013851979926 1.76808532350565 2.61506786226549
87 "MAR.C50" 0.750084372772803 0.930661136239364 1.74395901084808 1.80028601058933
87 "MCAR10.C50" 0.750809703975811 0.925689629237031 1.73783963139489 1.79632375710597
88 "MAR.C50" 0.742955137119418 0.933412630723184 1.7215595030226 2.45849134820181
88 "MCAR10.C50" 0.745468151505422 0.940075319576705 1.72067759209528 2.44410150934397
89 "MAR.C50" 0.797066600701551 0.96797837985742 1.51580316615451 1.81761813076287
89 "MCAR10.C50" 0.796504884773116 0.979037631364008 1.52412310485877 1.7241388827048
1 "MAR.C50" 0.701947338388986 0.891839672150168 1.70720679007987 2.37768534318314
1 "MCAR10.C50" 0.713552273014271 0.882182800331494 1.70270253802378 2.39806071671443
2 "MAR.C50" 0.743525926163552 0.963338477152305 1.77634564486683 2.50090392462742
2 "MCAR10.C50" 0.751777407857982 0.954593848296866 1.77095396078307 2.41323641297022
3 "MAR.C50" 0.834923859036153 1.03150625575041 1.69316503905146 2.47206681195301
3 "MCAR10.C50" 0.815078595281626 1.03427792176917 1.69936721642015 2.17320053622434
4 "MAR.C50" 0.765482555447262 0.921181095814683 1.64049145884388 2.39598996395526
4 "MCAR10.C50" 0.749317218618694 0.915635752164781 1.63239091401712 2.4321863166605
5 "MAR.C50" 0.701947338388986 0.891839672150168 1.70720679007987 2.37768534318314
5 "MCAR10.C50" 0.713552273014271 0.882182800331494 1.70270253802378 2.39806071671443
6 "MAR.C50" 0.748133639247926 0.874232929140675 1.59669863751044 2.51324445863048
6 "MCAR10.C50" 0.724260948152109 0.869203369489593 1.58327763569924 2.25728176341204
7 "MAR.C50" 0.699572704265743 0.858937666568672 1.68303277203257 2.13123724267073
7 "MCAR10.C50" 0.701056358910693 0.856037768805915 1.67724178612161 2.0499415124499
8 "MAR.C50" 0.717772877204685 0.909556076597851 1.72359228010374 2.30228708749592
8 "MCAR10.C50" 0.739148904036437 0.915605655090333 1.72036902981739 2.17797387342853
9 "MAR.C50" 0.680679574594804 0.834813775046471 1.56242812271384 2.13664256293459
9 "MCAR10.C50" 0.679955171215242 0.839964947519476 1.57101213613446 2.31751740809407
10 "MAR.C50" 0.812040293931654 1.03659757432744 1.85190593961386 2.18331023413901
10 "MCAR10.C50" 0.829402489823805 1.52733609887658 1.85517925596314 2.21190188533992
11 "MAR.C50" 0.718709483708717 0.959376999980479 1.82178755593267 2.18454004872442
11 "MCAR10.C50" 0.741663622696451 0.9705143651214 1.82004092659687 2.49334082857693
12 "MAR.C50" 0.782379259308266 0.962354393119429 1.73833348358617 2.57350540135289
12 "MCAR10.C50" 0.783734795651823 0.963271780768508 1.7341050346951 2.67803945432935
13 "MAR.C50" 0.696282971953083 0.864841836623046 1.63416042424224 2.28957091310911
13 "MCAR10.C50" 0.703663478884042 0.86497122669025 1.63732118528476 2.299053466109
14 "MAR.C50" 0.714831838152077 0.893523294815703 1.57281660636538 2.17717386225534
14 "MCAR10.C50" 0.718325450658536 0.898832959778946 1.57518289901545 2.35510428520638
15 "MAR.C50" 0.779721009348745 0.951783598118389 1.76767741447459 1.93320788839968
15 "MCAR10.C50" 0.788757108491351 0.949142309965076 1.7641111339857 2.59120013986756
16 "MAR.C50" 0.66960930086612 0.868566267664478 1.60456882700159 1.78516556040704
16 "MCAR10.C50" 0.688920112566002 0.873159679626205 1.60102736750545 2.08637888958275
17 "MAR.C50" 0.81718843075076 1.02340875138605 1.86039875955196 2.27018918782159
17 "MCAR10.C50" 0.819980627596221 1.02191344183845 1.8544626123755 1.99723185025945
18 "MAR.C50" 0.713440477648809 0.903168522649683 1.65830362350385 2.40883965565178
18 "MCAR10.C50" 0.728487174712561 0.903524201991823 1.65718187759133 2.3899074184714
19 "MAR.C50" 0.762693504992767 0.960383590073834 1.73917578876093 1.78261994228596
19 "MCAR10.C50" 0.772321509012832 0.940878044922458 1.72979967618924 2.57640035925088
20 "MAR.C50" 0.701947338388986 0.891839672150168 1.70720679007987 2.37768534318314
20 "MCAR10.C50" 0.713552273014271 0.882182800331494 1.70270253802378 2.39806071671443
21 "MAR.C50" 0.748133639247926 0.874232929140675 1.59669863751044 2.51324445863048
21 "MCAR10.C50" 0.724260948152109 0.869203369489593 1.58327763569924 2.25728176341204
22 "MAR.C50" 0.699572704265743 0.858937666568672 1.68303277203257 2.13123724267073
22 "MCAR10.C50" 0.701056358910693 0.856037768805915 1.67724178612161 2.0499415124499
23 "MAR.C50" 0.717772877204685 0.909556076597851 1.72359228010374 2.30228708749592
23 "MCAR10.C50" 0.739148904036437 0.915605655090333 1.72036902981739 2.17797387342853
24 "MAR.C50" 0.680679574594804 0.834813775046471 1.56242812271384 2.13664256293459
24 "MCAR10.C50" 0.679955171215242 0.839964947519476 1.57101213613446 2.31751740809407
25 "MAR.C50" 0.812040293931654 1.03659757432744 1.85190593961386 2.18331023413901
25 "MCAR10.C50" 0.829402489823805 1.52733609887658 1.85517925596314 2.21190188533992
26 "MAR.C50" 0.718709483708717 0.959376999980479 1.82178755593267 2.18454004872442
26 "MCAR10.C50" 0.741663622696451 0.9705143651214 1.82004092659687 2.49334082857693
27 "MAR.C50" 0.782379259308266 0.962354393119429 1.73833348358617 2.57350540135289
27 "MCAR10.C50" 0.783734795651823 0.963271780768508 1.7341050346951 2.67803945432935
28 "MAR.C50" 0.696282971953083 0.864841836623046 1.63416042424224 2.28957091310911
28 "MCAR10.C50" 0.703663478884042 0.86497122669025 1.63732118528476 2.299053466109
29 "MAR.C50" 0.714831838152077 0.893523294815703 1.57281660636538 2.17717386225534
29 "MCAR10.C50" 0.718325450658536 0.898832959778946 1.57518289901545 2.35510428520638
30 "MAR.C50" 0.779721009348745 0.951783598118389 1.76767741447459 1.93320788839968
30 "MCAR10.C50" 0.788757108491351 0.949142309965076 1.7641111339857 2.59120013986756
31 "MAR.C50" 0.66960930086612 0.868566267664478 1.60456882700159 1.78516556040704
31 "MCAR10.C50" 0.688920112566002 0.873159679626205 1.60102736750545 2.08637888958275
32 "MAR.C50" 0.81718843075076 1.02340875138605 1.86039875955196 2.27018918782159
32 "MCAR10.C50" 0.819980627596221 1.02191344183845 1.8544626123755 1.99723185025945
33 "MAR.C50" 0.701947338388986 0.891839672150168 1.70720679007987 2.37768534318314
33 "MCAR10.C50" 0.713552273014271 0.882182800331494 1.70270253802378 2.39806071671443
34 "MAR.C50" 0.748133639247926 0.874232929140675 1.59669863751044 2.51324445863048
34 "MCAR10.C50" 0.724260948152109 0.869203369489593 1.58327763569924 2.25728176341204
35 "MAR.C50" 0.699572704265743 0.858937666568672 1.68303277203257 2.13123724267073
35 "MCAR10.C50" 0.701056358910693 0.856037768805915 1.67724178612161 2.0499415124499
36 "MAR.C50" 0.717772877204685 0.909556076597851 1.72359228010374 2.30228708749592
36 "MCAR10.C50" 0.739148904036437 0.915605655090333 1.72036902981739 2.17797387342853
37 "MAR.C50" 0.680679574594804 0.834813775046471 1.56242812271384 2.13664256293459
37 "MCAR10.C50" 0.679955171215242 0.839964947519476 1.57101213613446 2.31751740809407
38 "MAR.C50" 0.812040293931654 1.03659757432744 1.85190593961386 2.18331023413901
38 "MCAR10.C50" 0.829402489823805 1.52733609887658 1.85517925596314 2.21190188533992
39 "MAR.C50" 0.701947338388986 0.891839672150168 1.70720679007987 2.37768534318314
39 "MCAR10.C50" 0.713552273014271 0.882182800331494 1.70270253802378 2.39806071671443
40 "MAR.C50" 0.748133639247926 0.874232929140675 1.59669863751044 2.51324445863048
40 "MCAR10.C50" 0.724260948152109 0.869203369489593 1.58327763569924 2.25728176341204
41 "MAR.C50" 0.699572704265743 0.858937666568672 1.68303277203257 2.13123724267073
41 "MCAR10.C50" 0.701056358910693 0.856037768805915 1.67724178612161 2.0499415124499
42 "MAR.C50" 0.717772877204685 0.909556076597851 1.72359228010374 2.30228708749592
42 "MCAR10.C50" 0.739148904036437 0.915605655090333 1.72036902981739 2.17797387342853
43 "MAR.C50" 0.680679574594804 0.834813775046471 1.56242812271384 2.13664256293459
43 "MCAR10.C50" 0.679955171215242 0.839964947519476 1.57101213613446 2.31751740809407
44 "MAR.C50" 0.812040293931654 1.03659757432744 1.85190593961386 2.18331023413901
44 "MCAR10.C50" 0.829402489823805 1.52733609887658 1.85517925596314 2.21190188533992
45 "MAR.C50" 0.718709483708717 0.959376999980479 1.82178755593267 2.18454004872442
45 "MCAR10.C50" 0.741663622696451 0.9705143651214 1.82004092659687 2.49334082857693
46 "MAR.C50" 0.782379259308266 0.962354393119429 1.73833348358617 2.57350540135289
46 "MCAR10.C50" 0.783734795651823 0.963271780768508 1.7341050346951 2.67803945432935
47 "MAR.C50" 0.696282971953083 0.864841836623046 1.63416042424224 2.28957091310911
47 "MCAR10.C50" 0.703663478884042 0.86497122669025 1.63732118528476 2.299053466109
48 "MAR.C50" 0.714831838152077 0.893523294815703 1.57281660636538 2.17717386225534
48 "MCAR10.C50" 0.718325450658536 0.898832959778946 1.57518289901545 2.35510428520638
49 "MAR.C50" 0.779721009348745 0.951783598118389 1.76767741447459 1.93320788839968
49 "MCAR10.C50" 0.788757108491351 0.949142309965076 1.7641111339857 2.59120013986756
50 "MAR.C50" 0.66960930086612 0.868566267664478 1.60456882700159 1.78516556040704
50 "MCAR10.C50" 0.688920112566002 0.873159679626205 1.60102736750545 2.08637888958275
95 "MAR.C50" 0.701947338388986 0.891839672150168 1.70720679007987 2.37768534318314
95 "MCAR10.C50" 0.713552273014271 0.882182800331494 1.70270253802378 2.39806071671443
96 "MAR.C50" 0.748133639247926 0.874232929140675 1.59669863751044 2.51324445863048
96 "MCAR10.C50" 0.724260948152109 0.869203369489593 1.58327763569924 2.25728176341204
97 "MAR.C50" 0.699572704265743 0.858937666568672 1.68303277203257 2.13123724267073
97 "MCAR10.C50" 0.701056358910693 0.856037768805915 1.67724178612161 2.0499415124499
98 "MAR.C50" 0.717772877204685 0.909556076597851 1.72359228010374 2.30228708749592
98 "MCAR10.C50" 0.739148904036437 0.915605655090333 1.72036902981739 2.17797387342853
99 "MAR.C50" 0.680679574594804 0.834813775046471 1.56242812271384 2.13664256293459
99 "MCAR10.C50" 0.679955171215242 0.839964947519476 1.57101213613446 2.31751740809407
100 "MAR.C50" 0.812040293931654 1.03659757432744 1.85190593961386 2.18331023413901
100 "MCAR10.C50" 0.829402489823805 1.52733609887658 1.85517925596314 2.21190188533992
92 "MAR.C50" 0.738570938727307 0.915644002146624 1.71279649181118 2.58575178267883
92 "MCAR10.C50" 0.744343506170411 0.909689293801546 1.71186560524058 2.57970917876082
93 "MAR.C50" 0.8023358673245 1.01642741044184 1.87750775878822 2.29605115536561
93 "MCAR10.C50" 0.826603039653981 1.01811532963723 1.88394853824086 2.24887236917823
94 "MAR.C50" 0.739939892741663 0.919430378623169 1.69615998030557 1.85649528077382
94 "MCAR10.C50" 0.736973277565497 0.920003365206065 1.69776772696392 2.19288703481636
91 "MAR.C50" 0.799249130118121 1.02415918467789 1.81139212872593 2.46037414189043
91 "MCAR10.C50" 0.799442101926778 1.0236405241848 1.81395208296831 2.54206250558436
90 "MAR.C50" 0.757131186430489 0.948376546803479 1.74462372419164 2.61805853696413
90 "MCAR10.C50" 0.786669269767397 0.944126842552146 1.7338163150492 2.11974213758727
